31101,31332
9838,10020
14459,14951
19511,19666
39778,39798
45108,45583
36682,36722
6477,6565
2270,2492
1446,1624
8937,8948
8662,9067
40387,40703
20973,21086
3668,4087
39839,40069
9647,9800
14102,14365
10982,11220
36260,36566
207,325
7940,8251
35886,35978
147,393
42471,42667
38523,38932
29726,30085
2544,2901
29010,29387
37218,37381
4674,5022
7424,7638
45327,45636
19666,20087
31644,32093
26828,26929
27512,27814
620,936
33613,33953
27527,27687
40229,40609
31792,31859
48489,48958
27265,27479
30534,30686
44909,44978
23050,23133
17464,17480
45746,45833
33419,33787
18133,18272
40673,40897
13952,14439
43274,43708
29309,29730
14412,14488
10504,10638
48960,49237
15055,15378
27210,27466
12367,12845
39887,40165
8633,8919
41444,41780
26796,26848
35539,35824
23620,24078
24368,24520
23601,24061
13875,14346
37600,37852
7879,8009
30377,30586
8824,8841
42117,42537
9720,10008
38783,39034
655,1062
33890,34381
10938,11181
12168,12401
3251,3451
20093,20237
7713,7790
4138,4511
42366,42812
48374,48705
49322,49608
14863,14917
33623,33758
17296,17469
11227,11603
6786,7084
44472,44539
13245,13581
39391,39879
4414,4693
19409,19768
16081,16199
15490,15949
34930,35391
24940,24992
41558,41903
32460,32775
19987,20263
22931,23298
5584,5993
32206,32512
27906,28187
32217,32541
11670,12135
29997,30408
11889,12250
26538,26625
47086,47337
7792,7998
18695,18985
12448,12541
1954,2286
30473,30498
42363,42481
35697,35806
25454,25561
49380,49707
27966,28176
10022,10366
15430,15540
23664,23903
39715,40214
7682,8156
24286,24311
29291,29368
8969,9199
31267,31345
22589,22755
44980,45007
40806,41251
13358,13454
2122,2357
24982,25304
12716,12878
49275,49736
29024,29135
17236,17362
13407,13610
8346,8635
33455,33594
39232,39689
36649,36888
20977,21142
45848,45872
37153,37594
40451,40571
26580,27060
6559,6726
13645,14052
17772,17827
27795,28058
28709,29079
22887,22898
27434,27691
14348,14633
3539,3550
17623,18024
42627,43015
3926,4078
22551,22899
1901,2316
20805,21271
20542,20846
35088,35350
22818,22857
23313,23746
9322,9509
3112,3184
36643,37011
12540,13026
20627,20905
19076,19331
21063,21247
14817,15007
4538,4658
15725,15857
49376,49866
20687,20996
32562,32719
30647,31101
4974,5295
23409,23781
48128,48324
44930,45278
47454,47875
28815,28956
1850,2126
6839,7127
26025,26399
11826,11861
6796,7291
30927,31351
22644,22925
3731,4002
31601,32068
2518,2745
29839,30070
40578,40955
42923,43037
27278,27763
27390,27517
29659,29922
24355,24436
21720,21871
46698,47131
33370,33630
46283,46434
14192,14352
4556,4732
12543,12910
30624,30762
40226,40432
28854,29195
29023,29151
17883,18347
39237,39292
4865,4916
15502,15815
12126,12511
12593,12777
38224,38343
20134,20329
25958,26448
40810,40963
31276,31544
32990,33073
9791,10113
13690,13863
10446,10550
15521,15999
14348,14778
39093,39476
48871,49284
15255,15305
46776,47101
6394,6856
22162,22552
43700,43736
48244,48673
34321,34343
16644,17132
25443,25790
48992,49397
29889,30202
19106,19564
22767,22964
27078,27254
36807,36883
40974,41410
46374,46755
17468,17954
21267,21587
7190,7651
26426,26680
47415,47438
38029,38526
5049,5284
21771,22176
46670,46937
35971,36190
42230,42616
28354,28435
38278,38543
22538,22901
6239,6424
18366,18523
28949,29303
20358,20740
22332,22480
41042,41446
2641,2727
26227,26620
37515,37962
2020,2335
35072,35528
42339,42806
33749,33946
35028,35409
36166,36366
12730,13113
39710,40095
30371,30426
18453,18758
45073,45226
41277,41306
30531,30963
39894,40042
46637,46861
12788,12825
40602,41023
5679,5716
37053,37299
10524,10977
36925,37261
34744,35166
49271,49438
11554,11939
39243,39300
35830,35920
11070,11343
39713,40165
36166,36646
1526,1891
19867,20121
10117,10397
29360,29620
8170,8544
43196,43633
30992,31319
16901,17031
25188,25598
47327,47781
33906,34265
38096,38449
5888,5959
9572,10023
37874,38365
32196,32389
19277,19679
21840,22293
39385,39623
6181,6333
23484,23887
16116,16507
47705,48145
2073,2127
20710,20983
41986,42323
25741,25865
34690,35154
1072,1559
37809,38100
44282,44541
11800,11872
17090,17168
38322,38489
9309,9570
28462,28834
32431,32888
27277,27704
12497,12572
48293,48787
46663,47047
5131,5396
11542,11600
34250,34658
42699,43020
33834,34065
4640,4690
33170,33640
46987,47289
40942,41414
46179,46223
40292,40593
26091,26466
3263,3639
12659,12779
47400,47782
5964,6141
29941,30325
23578,23995
16925,17110
43412,43782
6786,7011
13850,13895
20442,20780
8262,8527
49401,49709
3107,3147
15740,15960
27933,28206
8179,8440
3684,3764
32870,33155
38130,38165
42602,43020
25567,25588
392,653
28877,28945
15661,15907
32150,32266
37945,37985
23639,23779
34835,35124
42764,43245
16676,16941
1242,1304
17989,18354
8753,8988
39038,39372
38373,38570
49364,49664
17767,17827
38349,38783
36952,37156
41098,41503
20852,21218
1657,2101
47000,47276
38625,38809
9854,10213
37843,38135
49240,49392
32120,32534
36884,37224
42888,43257
23665,23805
32026,32111
14032,14518
22268,22330
11845,12060
23405,23883
23049,23523
28102,28143
27521,27945
4145,4638
39144,39257
33745,33755
48040,48471
14311,14472
20188,20575
29949,30291
45337,45443
201,310
8742,8791
18130,18434
31563,32056
18666,19025
49461,49614
16650,16673
26521,26625
16797,17097
20001,20450
13749,14014
18971,19081
5377,5674
1805,2231
29751,29852
20175,20273
32511,32572
42949,43107
16152,16219
8926,9242
39365,39815
11418,11634
9229,9389
2173,2520
11213,11471
533,543
25703,26000
33863,33921
12638,12801
42258,42331
17237,17302
9147,9476
33858,34237
9848,10171
41396,41595
10938,11307
19468,19892
29088,29318
32754,32993
30104,30365
34397,34635
10694,10828
26537,26566
39517,39817
5910,6170
42707,42895
43934,44375
34326,34531
2745,2762
45994,46445
14979,15291
42185,42591
27456,27581
34498,34985
28585,28677
44063,44137
48744,49209
35505,35919
21078,21392
1175,1251
25367,25406
15554,15910
45424,45559
20474,20670
21229,21280
34650,34728
31866,32070
7045,7114
44797,44924
498,908
12540,13015
12770,13028
36585,37011
40252,40536
28241,28300
38977,39184
26072,26262
27733,27826
43036,43338
13350,13452
20936,21252
405,859
8123,8406
42989,43147
32627,33040
12651,12851
16743,16886
15672,15966
42525,42957
34396,34826
43404,43671
33082,33151
22453,22852
20391,20549
47076,47494
47388,47714
38530,38630
48955,49157
27534,27948
32539,32554
45536,45900
12085,12136
36467,36780
48433,48517
39104,39146
69,447
5314,5524
40604,40839
20401,20718
23173,23461
17277,17305
4753,5170
37279,37731
46553,46915
6813,6909
45108,45372
19245,19527
33386,33650
33850,34065
44151,44347
46663,46967
5007,5368
38675,38735
43663,44056
43197,43271
30155,30204
21013,21346
15638,15773
26184,26548
7690,7769
34281,34334
10971,11044
27885,28341
6639,6838
5323,5359
20792,20986
9987,10049
47663,47716
20184,20265
44960,45349
42369,42506
13820,13851
7664,8159
35424,35503
13272,13356
9751,10016
11976,12077
31727,31931
35905,36355
5607,6101
38433,38761
46852,46995
40473,40486
38167,38332
7905,8375
15832,15971
5495,5598
7636,7983
13769,13915
20546,20665
35948,36148
41575,41852
42710,43020
40468,40492
18031,18142
20256,20588
46209,46586
17711,18199
2081,2200
25074,25360
25862,25908
24290,24382
829,1289
3788,3926
6381,6461
20385,20728
15791,16155
21926,22320
10308,10775
11477,11647
22340,22393
27837,27892
27083,27341
48427,48686
16918,17088
22424,22518
6251,6423
10252,10679
38775,38925
24569,24696
8798,9205
47241,47446
9848,10316
35158,35432
23846,24329
14011,14472
21280,21397
675,1077
38927,39282
18804,19106
31825,32024
3889,4025
24861,24960
48577,48713
12493,12541
46651,46962
41858,42134
20373,20642
11403,11902
43528,43979
19679,20149
15290,15641
1167,1416
9221,9509
45857,46281
37055,37121
37298,37324
43980,44060
17851,17996
37853,38119
14338,14548
27493,27551
26701,26783
48897,49377
21032,21312
5802,6146
48169,48445
2868,3199
5097,5542
39302,39780
43834,43871
1040,1283
47811,48145
16447,16593
40649,40714
28930,29107
24928,25409
8419,8443
8614,8897
14049,14391
25921,26064
40598,40716
1682,2145
38004,38139
13659,14123
43807,43859
35189,35629
25448,25909
19575,19622
7635,7932
16748,17075
35414,35636
14886,15336
6090,6257
47235,47527
45152,45221
43835,44016
43591,44073
45865,45898
5551,5756
12553,12674
7558,7571
672,899
43129,43196
40715,41010
28936,29028
18001,18143
16776,17058
36348,36693
27112,27365
28796,28968
30347,30554
38701,38850
8995,9269
35331,35592
22531,22844
41876,42360
4530,4793
20559,20656
21512,21951
6846,7156
49403,49429
24309,24630
19101,19444
41532,41577
39568,39996
10634,11117
25388,25544
30480,30777
38075,38215
18755,18934
28910,29033
4487,4836
40466,40624
32659,32949
27400,27551
28036,28471
19341,19753
10216,10655
26146,26321
4410,4643
11513,11539
25291,25687
47421,47860
49371,49390
12084,12407
4596,4674
33283,33724
45824,45885
20420,20615
17125,17328
40121,40170
45445,45793
49430,49589
32686,32830
44910,45355
26841,27222
48353,48646
48303,48322
37940,38008
42887,43010
8356,8741
33490,33513
30652,30673
7155,7448
19261,19505
44215,44642
24203,24685
38572,38682
30327,30727
35168,35362
1320,1819
33515,33786
9706,9904
41336,41491
7460,7498
23516,23945
45971,46331
38858,39195
19560,19677
9188,9684
34288,34680
3831,4024
32650,32855
28506,28674
43784,44241
43250,43745
23825,23841
20768,20902
33218,33420
44790,45256
6231,6349
20448,20756
16233,16672
26273,26706
2700,3157
34786,34882
21047,21478
33840,33973
11176,11258
10752,10799
32442,32655
42127,42462
48218,48656
37921,37944
33665,33775
10553,10681
6509,6581
5251,5370
45928,46231
38222,38703
16113,16549
35387,35532
34587,34854
5033,5346
29052,29293
551,927
34033,34060
36027,36335
42914,43244
43406,43427
8762,9108
17112,17234
12561,12667
32966,33362
49103,49227
17859,17958
33715,33730
26038,26286
46630,47127
4211,4305
15667,16022
41164,41349
681,840
43691,43879
45902,45921
48375,48550
34347,34618
38449,38708
18802,18984
5589,6081
4113,4556
1860,2284
20902,21162
979,1189
698,1102
22035,22312
30887,31054
1161,1423
13033,13091
37813,37973
44040,44197
42772,43095
30056,30144
49359,49585
8461,8728
13495,13637
19740,20016
31806,32218
22554,22791
29400,29683
34237,34337
49294,49415
36642,36890
11965,12044
5577,5975
21351,21616
31963,32344
21850,22186
7047,7529
48934,49310
47438,47899
24859,24926
40533,40784
12762,12968
36983,37337
46780,46976
14594,15088
30396,30611
1034,1404
7802,8124
17765,18188
21296,21307
19238,19270
12388,12705
19010,19439
41666,41926
4854,4903
1913,2048
34245,34666
48790,49176
14432,14695
16428,16447
16898,17087
4333,4559
35709,36185
48012,48355
9721,9782
31829,31904
16220,16433
43788,43810
26069,26301
29253,29565
36750,37157
34268,34561
19109,19547
26512,26557
29926,30166
16042,16528
8609,8755
44317,44455
19976,20241
19460,19668
19271,19405
32308,32628
26881,27280
4954,5175
36813,37260
45401,45499
38244,38662
20158,20419
18619,18944
17212,17270
22295,22716
16111,16518
11141,11509
36249,36511
24042,24216
9262,9500
27068,27290
39407,39461
42604,42829
38718,39138
16375,16565
1794,2037
1079,1479
38695,39109
46568,46806
6662,7131
5016,5340
20040,20326
25546,26016
32290,32761
44098,44486
10581,10934
29540,29984
12323,12458
36602,36805
42238,42602
24648,24854
3329,3372
500,824
39152,39647
45326,45345
45538,45606
18776,19069
31486,31686
49024,49038
32427,32788
45501,45960
14026,14262
10828,11022
29533,29677
45156,45592
4259,4346
46659,47132
6999,7233
34059,34548
41071,41471
38978,38998
10390,10492
43722,44011
46192,46450
8096,8131
40656,41089
2087,2402
28425,28855
17299,17365
3436,3646
19765,20085
20523,20936
13558,13585
32455,32581
11811,11951
34537,34943
48604,48690
41974,42393
26646,27013
26332,26511
5678,6050
17878,17983
34457,34538
22643,23093
48838,49018
1284,1491
4334,4712
23100,23229
13067,13423
3458,3837
12484,12845
45109,45408
31578,31654
11684,11999
41989,42041
43575,43831
4647,4868
5159,5391
36637,37010
31626,31721
16757,17251
