45231
30054
24147
3066
23510
37618
49690
17458
16873
28043
25413
28789
48957
18563
6968
4851
18004
49729
48387
3514
23364
1878
3579
27081
18254
28535
9908
36320
4995
35431
15552
26455
15549
44418
10599
1498
16545
9367
23102
20045
1522
26142
4769
386
17932
37283
28974
17227
49940
27267
45983
32612
7564
17248
43151
6611
47301
20205
39100
3155
29568
1852
38980
28225
17111
6947
41856
15454
5682
38581
49084
17966
40455
18282
42247
39242
42634
8735
13387
35808
8516
26409
31623
28659
2170
34085
38405
31201
20972
41608
17660
28414
39803
21678
34349
31936
44245
46633
12284
6912
26590
21614
49081
43685
46639
21321
10755
22556
32147
31374
28660
1668
22059
29913
4790
31256
7808
44449
41843
36840
9317
28931
10429
12831
18233
32453
16535
2017
19156
32184
35731
44738
49444
36597
20962
36460
45925
42305
18250
31047
19596
25894
27432
6344
36196
14526
5123
27651
26819
21327
5842
41133
37122
12228
40422
6884
14860
5995
10233
5268
39559
21748
22461
35101
36090
24193
48020
17759
9424
48859
26274
44985
651
20924
5574
40118
9979
13557
11665
39595
27283
3524
47461
21932
31749
16505
35018
17950
36383
32015
11029
27928
42795
12173
17067
21473
31647
39290
12594
46326
49106
14337
10249
33617
1929
25290
44673
37101
8146
4561
5115
32747
15846
6435
3464
39406
15096
1392
30258
14803
7199
27075
22447
20046
26570
16124
28874
27088
41683
33036
42273
21582
37733
39857
25591
9353
8875
43487
21712
22874
4164
7656
16278
20850
21713
7756
24732
5512
180
35333
12775
11973
34651
6554
36284
3571
35817
29586
19129
37484
18868
4597
27010
2411
7261
10674
45912
18149
44494
39193
35720
38395
32423
13049
40934
501
15053
35022
13435
7014
18214
16437
45200
33825
19686
28988
48572
35601
35717
29330
41573
27729
14060
11704
42453
7970
44136
12866
64
32364
33493
36871
14742
18382
31210
34989
15110
35979
332
5725
29689
38375
24416
42100
32613
28839
37743
814
9462
28566
39629
22626
32096
44089
13260
22584
4073
40011
32192
10371
18544
7431
7829
33378
42762
48545
12888
11606
611
3963
8954
26459
43026
13662
9901
46439
12965
19
48335
12467
29426
2490
44135
43833
10910
16260
39990
33618
36716
41729
45514
4524
20809
25043
13116
8154
44276
42232
5671
23880
5627
14615
36874
2626
45440
1207
42550
22064
47696
1848
6136
7858
18466
21835
44925
35603
48072
8750
34292
21497
45582
19749
24330
16178
39305
23708
21834
24098
22845
24922
8666
40721
47612
45613
7475
32263
154
4514
11893
25229
21039
30831
14680
44656
4007
17420
46972
21892
49778
44422
32182
4782
38187
15493
32781
1925
17957
2585
25818
42251
24981
5619
1217
12349
43181
9041
42954
1726
24140
24511
1314
3756
26960
3577
5729
42286
23455
21849
26711
30225
33767
20036
13655
45506
5658
37907
34069
26226
49959
4719
47458
4713
19908
26247
31712
6842
41737
21829
34384
20609
6552
13803
680
39249
38603
25760
40654
45646
18132
12700
49826
41939
44510
10719
38193
26346
33631
20513
15360
32718
28320
8898
8647
44002
23502
14489
22223
1266
44046
30982
42231
1697
47530
36824
28863
34430
9867
39191
45955
9642
37589
45641
2848
31834
29045
32553
18906
19291
2635
3402
29536
37802
22478
27912
29422
26636
9833
29346
40953
18842
27100
2922
964
14874
36232
37430
6222
28829
49045
43179
27156
39334
2453
14217
28407
37160
14926
7727
23236
38022
16107
43483
44425
14399
42943
24426
42225
8509
27681
28242
18252
2564
3717
46841
13142
25883
46171
15195
25328
14709
18389
11210
6938
38334
9939
7117
7181
24833
15636
39772
32063
39017
26441
46557
7434
17151
30079
6227
39695
32022
10748
40748
26327
21146
17085
8181
15777
40404
24939
39088
2873
19754
25362
26049
16897
28803
42419
31075
2363
4781
7267
4758
48529
39753
8204
42333
4550
19706
36923
20677
13647
41381
23146
8648
40870
40796
1328
28150
10287
7142
46758
16690
9314
37579
33157
25371
40565
36680
5431
47607
27957
14693
5316
6976
47097
36145
10996
14987
41622
16213
17920
26689
3774
36433
33232
7737
44785
8086
13080
17566
8663
24896
47762
28680
4580
34193
26756
6957
32847
32643
17470
15259
28103
32425
3410
44310
47593
23731
45534
31679
34004
47491
12558
48369
36699
31336
2189
11903
49720
123
39127
34348
18287
9799
48951
11666
6809
9836
22284
48140
35966
22651
14688
3816
2276
28586
33726
43991
47049
12386
28807
16263
49197
43732
49714
7428
32128
13382
8317
509
41576
18350
30522
432
11507
44970
36108
31105
33377
48011
12292
41830
24686
23145
19911
20646
42028
13145
47221
40132
20741
43798
7270
43553
28884
3578
31157
29340
34647
14104
42971
16863
36380
8059
20681
12387
12795
15948
11410
5918
30844
1503
34421
8784
17345
5271
35156
30193
21681
26363
46275
23754
48714
30681
13278
24045
45496
9989
26852
30019
35009
31495
38821
13533
17768
12958
17935
39434
15920
3392
47617
31082
22803
34302
48805
6874
35912
2469
34171
7487
22171
36296
22314
36485
11780
43340
24552
33289
49297
44598
29983
12660
15293
19731
21629
9930
9195
20250
23047
30840
21761
21199
6232
18370
28135
5776
3125
4804
8525
29879
40580
8858
19633
17733
9656
19290
35296
28973
40751
4938
18575
22534
14806
11338
8292
31810
33803
47442
11961
7036
36836
16636
15356
48460
18620
2755
19558
15716
32354
8075
10166
43302
37601
49865
46869
9748
30912
28379
27989
9132
30701
13299
10381
29136
34235
39698
28703
36203
49055
40569
25870
36269
23674
47399
46184
30075
10313
12137
10965
20946
8833
22598
36055
45293
29819
31649
25901
26616
26664
17690
16187
36311
29750
40605
40051
366
48616
24620
13810
10311
25181
25385
16806
29067
13740
24812
24945
30353
11938
37147
20582
47531
3883
4819
18021
1194
330
25985
30269
23874
33355
35972
36457
43496
11239
14936
46598
2266
47244
48702
3110
14775
13478
8336
33374
39565
15526
1349
19376
37049
13746
4390
41821
34622
32591
41002
30863
29736
17064
32004
37287
371
26588
31556
38559
13474
11761
2043
7339
2429
10597
10220
32352
19725
29584
47773
16367
23707
23076
13894
35630
6134
13832
17841
49913
40182
42925
23654
31037
45015
48657
13861
41641
19402
10801
28657
38808
39325
46271
48654
37621
20762
35752
19454
8786
24759
20680
863
32284
21554
30266
40773
7273
3193
2888
28191
44638
15593
13250
8163
6429
45980
44640
10959
16610
41337
6283
1550
39608
34188
30854
12205
16813
6518
10340
41988
39910
11885
6770
40344
45673
39950
17549
9978
24513
1478
15572
22489
7010
7086
41709
25480
47910
6353
6379
40064
44701
6220
26872
25249
42276
41188
42838
45409
35267
18419
17979
26267
15320
43006
11276
3808
4239
23531
1656
33661
20758
4615
4245
350
33285
26109
33235
43431
15909
38021
47549
48591
37702
23436
8763
47869
11167
49773
46082
43517
808
20383
33357
35612
46353
4761
8066
10189
42359
49932
13807
28997
43352
13591
17471
761
16442
22436
32152
41318
26609
2767
15038
48680
4689
48515
23205
26020
49406
38212
26663
23662
26719
49789
34088
30631
49012
38901
36768
5417
29516
41909
31947
43161
21814
1603
28216
11989
1376
21768
2107
39449
4351
39238
41985
49449
22972
49948
16424
16106
47294
11130
25941
28816
29179
32391
15686
34206
22537
30092
9592
26036
33738
10426
3100
9495
8615
26317
26021
11879
40573
27984
32222
15424
13699
32856
18876
5145
23854
48722
3869
15908
16294
35753
21558
10389
42465
1939
2542
44829
27916
44911
31809
8221
45095
7038
46419
22256
25103
7227
36697
34253
9974
21357
41678
23820
43948
31015
40089
11851
35406
17052
41845
39131
5941
45883
25685
48136
23904
27588
13526
45339
8689
16605
18938
47339
46061
26777
42606
21562
45142
46089
5171
28681
36973
7663
27633
32811
39183
22067
37250
3258
25041
5036
19433
34289
16041
47476
40534
35745
5290
19111
47946
23843
47872
38599
4101
9331
47394
2748
12007
36050
18275
35803
17195
19225
6760
38012
47396
17745
24931
9330
20316
1753
45041
7278
34809
9006
14247
16582
8469
19476
31935
32577
36905
39186
31327
26765
27431
38366
7095
7952
49508
30242
20080
4472
42075
22886
49887
23986
49559
46523
6263
39786
48409
29990
31048
31430
35284
31658
5508
26191
31791
49379
8116
35715
45575
21858
20897
21461
12171
28698
10963
12302
16876
25492
8586
30728
17613
14009
10341
2786
20130
18526
45927
31365
32078
48215
29853
10953
26190
46536
33216
29016
4806
10243
43875
254
10771
565
6616
15658
36731
15673
5055
15555
31619
30519
25632
10490
37774
5348
32536
3302
21076
37138
24528
18217
12151
7749
6800
24983
4727
2746
24755
21288
35100
23356
6605
41388
712
40256
35035
42319
37468
26864
24428
43350
37847
23570
49798
49437
21819
47535
5515
47210
2415
39766
35642
14977
25059
27085
1026
41082
16310
24746
5399
8847
6425
43902
31261
38107
42009
27300
25237
41432
27113
42586
13922
20598
45630
25673
25605
10140
2410
23879
199
33776
23544
35407
2257
29290
28273
22048
947
31191
48270
25782
45540
8267
24091
5599
39525
10914
2531
16104
36746
1540
10141
26621
27165
48129
38948
48284
1124
11689
25495
6860
47740
6264
31262
29870
1500
17000
15169
31383
28336
41875
27570
507
6314
31770
28666
29145
8760
17051
37073
1576
3721
1518
40102
16245
45416
2771
37693
7881
33061
29948
16091
3065
39974
19508
25788
25965
43585
12924
8382
26376
22306
35963
33992
41594
17119
45048
49935
16823
16192
4577
15144
28466
42472
41801
37832
46791
47594
47533
27371
19922
38466
7377
12146
25017
38680
46677
30967
20468
41468
44923
15584
12827
15061
35593
22183
29356
17815
36503
30345
7620
6071
14383
19629
43838
12192
11960
1924
45728
49063
2343
41546
7570
20156
31403
16987
24999
35795
12994
20179
7625
22975
2675
32014
33579
37069
36505
37678
34360
42274
12821
39196
38374
45268
11472
25449
28127
26065
21486
3829
30807
17438
920
13972
17574
6273
6978
33295
10837
37610
37205
34615
36068
6520
1415
18964
4990
44274
46975
10989
43642
12399
25765
19630
44377
43146
21008
49378
524
31685
6988
11146
29197
44202
46458
11453
47685
6303
25171
9365
34368
12975
42723
7450
10710
17521
21202
13081
4535
22490
22182
11272
17298
21001
17757
27640
28456
39758
6469
28220
7985
19308
20411
44968
2816
44306
42474
38558
37345
45671
26502
21158
22374
36097
47876
31299
25092
6545
21981
1096
16592
10511
42387
38899
32275
14815
6764
17503
25386
15631
35606
14922
31861
47620
31316
11247
21945
2478
24196
29596
32850
39397
14610
28006
2030
21859
18473
46604
17197
3964
46166
38971
30383
16087
21624
45354
16955
27986
32329
34758
12307
45193
15603
34437
4724
21755
6450
39135
39487
21683
4363
42687
16904
17380
44536
41899
33638
20693
14571
43082
26965
478
22602
44010
32516
22216
1316
40750
47515
1674
27032
18240
17791
9686
45406
4627
16822
21258
45884
41105
41636
23907
26653
28729
30268
8253
31468
44203
14331
833
10468
8428
34467
3830
5810
31182
30827
31211
1462
43639
2243
17523
22766
29029
8864
32130
25982
24208
25946
19696
27201
44886
29987
49139
18671
32372
20696
997
35270
7698
35104
39903
39675
42071
40738
38476
48857
18213
27261
9428
7130
49586
45721
17949
11518
49517
22878
12110
843
44410
27228
17664
44838
21274
48872
5827
38110
7411
15755
25746
40851
40137
32962
27385
12417
12262
15022
4322
45906
5929
35339
33624
37364
31434
14283
17089
11784
49562
25254
7794
11883
20998
42554
15546
37551
36226
16880
3893
13802
49737
41842
17032
27794
27793
49321
35016
29959
8256
3399
5700
8185
19727
23752
18274
974
32633
15331
17732
33122
39838
8679
15375
29858
20896
49369
18686
25048
27544
47680
15836
48854
36583
20299
17900
2608
15856
14327
48161
3627
40916
35419
20044
7225
28908
10176
19469
11299
23600
26456
15786
15238
45469
22464
10833
86
10327
37652
3728
16092
37657
7992
8567
27616
12721
41399
32148
10179
14091
33338
37509
2110
43499
2351
29458
24714
37903
16499
40687
8427
20522
3182
49937
10739
31275
5920
2025
11994
41391
15175
7581
21387
9660
49465
36619
16315
10513
18564
17476
9902
6887
30732
48832
28144
42044
6225
42220
22664
1671
11733
36621
38177
35010
39373
47508
31346
13380
5667
46577
28765
468
17044
36082
16014
34435
40234
45043
49796
277
42158
6009
14773
28327
31799
1464
47160
13227
22754
22696
16775
35918
8133
39389
11875
42405
3633
41955
13946
30163
41643
34621
33608
25311
48794
11904
5204
22298
40143
30468
16971
38000
31823
11975
7516
22032
29168
36218
45754
3499
18346
6598
17444
38438
4873
27720
42767
30907
43378
21520
37939
6584
7745
28614
49600
35729
2697
11300
15140
44412
36138
5481
28798
778
12103
20797
44847
45846
46932
10899
10447
10303
9105
32172
43922
8536
36794
25463
32279
11650
1166
3073
12006
46269
17463
18444
39420
39119
47206
46447
35360
2640
21459
43711
5692
32169
40712
12679
44343
18029
38423
42298
4499
6287
4739
10400
14838
7070
1560
16128
13660
21051
27675
12855
48542
26462
43224
29707
36749
6441
15226
5748
25436
6278
46002
23519
37080
34194
48171
41173
49997
32863
41619
17455
26037
8682
33530
49766
12574
4880
30081
328
14253
43232
20505
19663
39634
38642
43448
28275
42370
34371
34182
6871
12528
14031
3013
11510
14208
31854
44725
13297
1279
31026
42195
45216
2004
24122
48035
24846
36024
13748
45187
27243
6962
32617
42094
31454
16418
46609
27615
31689
7380
27998
15553
6329
18939
48096
47367
47230
16934
578
1772
29792
22228
45442
34487
28049
3942
39841
2797
46140
14992
1028
23889
21516
38487
28982
11773
5984
9372
13336
31380
39051
7200
29284
48549
15833
23833
1551
4882
30688
7490
30645
9484
303
15090
33069
5096
6455
32989
2376
37025
36713
35879
11892
28576
23489
6380
9808
37027
32507
41047
6819
47666
23328
26627
22278
18100
29873
2781
4520
28444
45399
46161
37353
39503
42308
24415
15073
18448
14309
15052
49471
39648
6483
41676
19739
11582
36223
47741
35843
41181
28430
16349
17964
33682
9223
38301
3817
47199
28330
39451
34925
17707
30867
37065
43450
1985
44414
15124
29084
37292
30367
43451
7343
22286
31599
45310
33274
37754
40030
15953
44506
4011
11705
37925
38885
24189
29862
35138
24282
9157
42659
3709
33940
4058
9102
17704
281
4081
17157
23513
618
47283
21038
21206
39082
17244
48227
47880
42825
26617
21988
14007
19806
18870
40606
22628
19057
1853
13750
32327
17104
34452
6536
32181
7230
5412
6773
33104
31368
48991
4725
49864
17570
30073
29486
9971
4726
12429
5430
32197
43065
49160
32048
39855
34550
25244
44677
48734
25836
43308
7053
13961
27174
13763
34509
49399
43661
42043
28130
19212
25522
29390
9587
23804
6275
19665
17315
25346
48808
19968
3097
36459
19418
48894
25166
47118
4668
41872
46726
26866
23434
29910
48726
25714
43536
36592
44076
40033
24364
37112
9113
23007
30986
34887
27764
28961
10278
14291
19097
32571
41129
21535
46891
31520
43172
20444
26066
46384
30786
1448
12071
44333
35626
12879
22148
30510
43373
6550
47763
58
37209
15047
12333
12544
19033
45870
47146
1677
19450
9505
43925
41759
28999
12217
39976
38868
28769
10958
2338
28548
8369
3941
19697
46260
4388
16798
15745
40448
6934
27435
20823
28053
8049
14809
39115
1477
13971
44398
39299
11405
9422
28701
45946
29617
14960
16239
10641
27980
3367
33343
24638
26969
45787
17572
49735
14948
6467
14044
15766
10818
25289
24596
13981
7644
18519
40518
46027
8439
27717
5181
43604
9031
13688
28450
32345
47843
20161
34147
16396
42882
13168
9518
43899
12894
10436
5275
42011
34453
26189
36405
48034
11224
29903
42809
40632
37239
36058
49394
43680
34176
19729
44130
41690
23822
4253
18077
29122
11631
7697
30933
48413
38984
28713
34068
18765
10601
41034
1909
41840
37494
43280
3784
12996
40184
1875
46372
47039
28902
25898
39276
597
7633
43755
16461
18725
41992
27225
45381
16229
42194
24137
9040
30330
27197
33101
49949
87
46508
10592
23919
35914
28487
32394
13580
12306
30336
13640
7705
12239
20304
9165
34804
33518
17586
40261
31131
36423
10566
11898
19884
25932
3945
1936
24723
45876
16688
16562
47141
7463
13553
37003
30942
7140
33028
26707
21866
20726
46351
19964
26007
21294
4641
37206
10277
41416
48059
48074
13683
31192
41111
18292
31244
41201
22777
21564
47934
7723
4041
5853
9655
10698
16097
11987
21585
32675
32543
30962
37826
13229
45286
48933
18950
42740
7048
36654
8166
12488
966
35874
8777
24794
13500
33895
23974
31153
10099
22047
25164
19585
5241
33410
19952
6056
34609
46234
14228
5626
23657
6421
4427
15
5541
6142
28200
13989
26162
33366
25498
19821
2872
35316
33349
9619
28697
47429
36065
42327
36574
48596
12102
35321
49918
26827
37191
884
24637
30058
187
24789
24567
16741
6777
7160
38197
25979
33141
2793
42564
20116
29599
34365
15035
38781
42444
41245
10844
46860
10512
571
28492
34035
14062
26683
32890
20479
37119
2852
36867
28147
12478
41555
26571
12914
42154
20560
27370
47386
22889
9940
9538
18224
13905
42193
26193
23549
22402
3235
23097
12141
16609
9081
28622
13589
40242
43150
37005
23437
44230
49580
24665
23595
41752
7362
2811
32444
35936
25844
40316
29043
36143
11033
37879
38337
32635
22793
1835
32900
12295
2208
4260
9637
34025
31934
30261
41378
25851
3325
33242
33441
7383
7568
28915
17895
44528
12686
1156
27672
10812
47519
21519
32580
26740
24515
36430
37502
8472
25937
10984
31531
4248
10265
2265
4266
13109
3641
36373
31280
22373
2465
46093
40257
49984
12224
49151
36152
30275
12390
22311
29950
25483
44297
25708
9961
8965
35821
37821
47176
7648
46396
2756
19644
35725
744
45585
35061
32
48559
37274
7610
16653
20203
11618
13708
49576
15807
16788
19457
31118
876
8282
38972
42818
22662
40956
25042
35664
37913
37791
46477
32849
44842
34112
27217
48672
24512
3753
36365
8212
17553
12314
35881
6718
42639
4649
10876
30317
38317
49560
47808
8265
29445
9634
5556
32205
4429
33062
9107
43987
17216
43577
13233
5347
6047
9168
41930
6514
6525
45063
43222
3657
12789
26255
6356
23070
28706
7621
7980
49059
11519
11191
48014
17508
2664
29890
18930
42147
15577
32836
7678
39367
34525
16184
44762
25732
13774
17319
13234
46305
14985
14812
22225
4269
11820
12684
3827
17698
16338
45695
6960
13436
17465
40532
37356
42504
42836
48751
31099
30015
26562
17004
4706
47725
42901
45192
37586
48152
42429
24348
40914
49344
42179
19899
19412
38020
3420
21847
29731
32641
10495
19322
34230
46020
28845
36205
29243
16331
39440
6866
6577
47797
1082
38618
20180
27577
21745
27802
48211
2912
43494
35472
47809
28054
28326
25430
12061
45932
36756
26691
14650
16607
42592
24228
4786
41315
32434
46357
35119
47059
23756
21255
8213
12045
48113
5722
27055
43690
17432
40686
25661
14910
40697
31901
17256
23969
40835
21601
8634
6062
8435
36375
1727
24022
8323
5398
4547
3663
38290
42641
27751
12560
12456
15382
21330
36250
29908
28055
41127
13160
27698
33683
4702
19249
24130
21184
16654
44769
34233
25172
47433
36270
35617
33933
38038
34634
39121
34589
22592
18472
11450
17914
17806
22507
3873
12178
15448
45243
35446
2130
29894
12510
14261
29639
4548
20879
46715
9415
16009
6517
29812
41734
13584
24891
45751
33439
2605
113
2846
4664
23203
2460
33948
19930
43724
36696
25023
8491
26618
26970
33383
23142
33568
24120
36158
24919
28998
9429
36601
10661
31079
44271
25079
39227
29382
40669
48102
44103
47867
1587
41066
19174
12158
27287
26288
14485
7986
9623
34516
2398
36748
49066
25631
5805
10662
26594
27865
8617
25297
41847
1353
30283
41017
36745
35078
40127
46743
5127
37311
17224
31948
36378
14416
26424
27398
36482
19716
40668
5696
44149
39892
33762
25002
1330
28163
17188
22099
37390
4154
31613
42987
19898
29315
544
29719
17567
21109
3381
26659
28909
20233
17411
39583
26013
39258
20255
19239
18247
27919
23886
44481
15499
34106
11467
47883
129
29701
24244
20336
43247
7718
27362
43978
31891
17706
48940
4250
31181
20636
26087
16703
20034
19147
12946
47316
12148
23742
15812
18312
13103
16608
30612
40480
25435
15300
23481
6530
8370
16290
9524
26923
36083
7875
2480
49409
7132
40814
700
13108
2144
8132
24738
27059
29254
47112
43800
36192
34332
8004
24568
32777
35634
31558
10336
8339
7269
32381
48836
25036
8566
1216
42056
40785
84
2327
10718
8015
27596
11575
29065
46803
49990
27699
29662
39522
10072
37303
43042
27487
35369
36078
33708
14477
24845
13479
26868
45114
22159
1899
12337
29349
22222
29150
2524
46520
27463
4399
2031
1588
43278
6815
26116
36501
22338
25095
17817
44323
28707
9573
5834
5163
13239
26808
43929
49221
8749
34805
37189
8089
22367
34442
33029
11448
46225
14995
2576
30703
11020
1116
3215
19179
24590
3769
7057
40607
24885
34743
39549
33998
13938
18139
40196
6682
17402
43068
39563
14159
32153
9887
39453
3521
38577
10148
30790
20261
45959
38721
28296
6997
28398
2993
39921
13199
34849
23767
9351
6844
28898
27932
9456
22512
22015
37039
37872
8244
20562
304
47489
41084
38410
35904
960
25770
46378
37041
37336
2632
41252
45522
10912
25961
4244
36165
26486
14255
45610
16067
44088
10195
21504
32680
33332
2699
3900
11091
16147
8395
30171
380
4302
12908
19800
17946
10872
20018
5118
25742
46501
8505
34196
17149
39666
29521
22242
10792
25298
35023
44028
21579
49903
10200
27820
30897
21955
32887
14179
31387
6196
10499
30657
18744
25118
48137
14176
35836
41484
47750
6505
40903
12066
49250
37521
43220
16585
7565
4287
14295
37891
17879
18470
12519
11003
45183
49263
32931
13241
2244
24653
31818
40276
32804
30492
26460
25139
8020
21709
48236
41182
37028
40865
49431
25078
49912
9998
32365
26997
27931
42530
39497
2082
33677
41050
14310
17752
48352
12917
11760
13055
8048
20057
41749
25594
49939
14285
17050
34252
25644
31097
34527
42326
28557
6691
26217
29208
15751
33102
6174
1103
34149
30224
13923
41179
9535
43217
18521
3275
15703
4840
14490
10931
22049
49905
14420
49091
22250
31800
18565
33302
12098
32458
37901
15186
28212
43323
39364
43597
25945
27918
26381
26747
23961
21747
18536
44491
32034
31304
41550
48870
17962
3853
30174
44668
14318
3622
6199
45631
37746
41455
35073
39337
44741
21350
16140
37696
5220
37009
7484
17906
25065
100
21159
41610
41612
16394
47217
44451
18090
2704
1701
8702
1244
48590
19659
40159
27889
18271
44026
21528
25070
2630
9420
14078
25666
49385
14273
45897
4533
40381
22051
2444
46603
22269
14713
15018
48584
1171
16749
16098
30151
34090
28615
7218
21269
29678
33004
4626
9349
47247
38314
6138
3411
35303
23646
33654
18947
28169
41792
2883
8580
37671
28664
25516
37352
18562
6026
31637
5211
42012
2768
24674
41765
48696
12499
13149
17324
17308
18396
260
18319
30700
8113
28025
31447
21971
42172
41204
37423
8108
45490
17359
16699
1128
3117
32492
991
44380
32267
24272
15164
12698
11325
26243
25610
17497
43672
24027
22074
18348
38353
41962
13642
3
44519
8103
18359
30859
20487
13934
46423
21251
3569
27513
28525
30458
24816
31918
29317
27979
41228
5325
38499
48737
9699
6889
20531
4370
37231
15407
21155
27996
23753
3489
5545
27520
19541
20238
5367
28986
21079
41940
24510
11469
21036
35533
27606
16129
40592
4060
25282
27307
24558
20300
38260
28068
47202
44931
33777
35486
38284
5812
36392
27153
2521
35094
21143
3559
20302
47465
42849
45249
25015
17334
22081
13874
4155
32268
16782
21130
726
37228
37789
49127
9063
47789
46134
27186
48906
601
30747
24536
47500
38990
18774
19045
3719
26318
36252
26601
8726
10154
46155
20807
17259
26941
7936
15783
41496
21716
38128
48462
34436
38651
24844
5890
22000
21731
24975
4030
8141
47695
14858
41668
25601
31229
6132
22291
31574
7559
22905
46997
28235
42400
35719
49469
29957
42142
977
17006
21200
28165
14413
35250
49180
20310
48114
42253
32435
42188
9399
5960
3995
1090
41058
29906
23246
37543
40477
26134
40304
29808
21033
40954
31279
7828
14380
8047
13107
1240
5227
34115
10538
38041
13068
38713
27105
36256
3331
44512
41195
10454
34246
21699
29491
25873
27102
4118
15439
7976
6377
33733
20705
31313
11430
12733
5592
11166
896
27722
1412
20007
35488
49289
35084
22274
23710
40364
3801
28771
4114
30892
17993
27468
10532
13136
46118
11131
29961
15895
29558
29923
27941
8169
23439
26278
48704
12090
33889
48924
34947
35436
34781
44674
28953
44806
45525
7430
6368
26748
43012
18303
12648
15998
4605
16052
34211
46026
32281
28594
4104
49365
18115
26008
37078
44568
35337
24797
20284
45161
4818
32895
5731
20473
10004
10046
3824
11109
27683
41359
39640
22007
45220
20866
18887
27811
38252
7846
20035
17456
23284
3153
11341
4019
24819
11330
4071
7417
33282
35855
4290
22860
35540
12264
14777
38697
49566
18670
45300
39922
4415
12167
44237
31112
44444
17026
20052
1333
10765
25224
21
46801
30039
30785
35600
33048
15864
9295
21911
15845
6160
19339
3074
31464
20213
34956
36800
29219
13878
42831
1209
13891
3546
35418
10507
5464
46565
17063
36321
35196
24488
37534
9436
6149
30930
47525
11978
49723
39889
22642
33251
25403
5440
31469
42080
24406
10626
12436
2272
5126
11499
30004
40443
45617
42496
7509
39291
36902
48192
10683
25596
41110
30145
42049
42063
10271
30051
10459
33017
3387
33841
27233
36783
18829
26345
8383
44440
39994
36960
24293
24421
40117
13710
7432
16807
38669
36200
46811
49817
1179
5489
44686
24013
15844
9273
14909
15557
24138
17484
46237
42129
1031
6012
12570
19319
4910
6538
13085
22704
5148
2185
18162
20793
24994
20959
27141
2161
43173
38652
22106
21161
36723
26093
3445
27049
45723
37173
39422
8985
11286
8481
20204
31959
25083
14453
7318
18071
14739
11475
25314
17401
19639
22503
39178
30882
13347
33085
30562
10682
45179
22875
49384
3181
27379
9675
30505
48967
42317
26749
25779
20096
10749
38485
47312
24632
9083
25804
46123
23840
36432
3232
43584
30803
47962
14845
40340
13473
26132
28159
21391
1300
24278
20779
44857
40258
26995
12189
29381
27759
41819
15127
43968
34142
49305
31174
28267
14047
45140
3947
16205
46887
14501
37072
14409
44593
27242
4384
42478
16011
10458
32232
46068
5854
19068
46218
8928
32739
49073
44152
8672
43438
22847
2312
33872
11565
36023
25922
13854
19119
46872
16231
4964
21388
18010
43882
9718
33915
95
25239
22527
6623
38909
44123
33484
41855
47638
32508
22227
19242
22668
3178
41953
2436
12849
21764
6853
2466
10125
5444
37685
40676
38915
37824
47114
28710
6841
49599
44583
13679
32367
21402
36561
9023
37603
23504
45566
5548
40764
46532
13847
13379
21362
32852
38686
28463
14471
32189
24497
43944
20674
24176
45067
14267
48718
42184
8554
32277
18469
46216
47349
45893
18872
1547
241
33336
27382
23023
1106
30288
5683
27917
31237
45107
8078
7793
10594
26011
13309
30272
4119
11679
13296
43400
36862
2631
9877
43551
15764
38905
23641
37377
36128
38125
29664
19746
45194
19354
49110
5624
2058
28446
38705
25303
6120
26779
39315
49882
4327
15520
2336
48717
27369
26606
43199
31664
27134
5454
43748
30653
37575
576
49238
42421
31178
5922
16842
15170
23787
20243
5004
33323
7696
2666
28145
46280
2391
3047
16250
40613
6975
2828
19196
41196
17666
9560
26953
9698
9683
25158
38613
34329
27177
16264
440
5555
45669
18302
46296
17382
19717
37297
7257
41861
10615
42010
33639
47010
8645
40100
31905
40968
4560
24719
11155
14101
44419
17243
6215
37508
44893
45150
8979
33267
38970
4371
25701
11143
48802
7589
47293
36076
18212
31914
2791
42697
29327
47055
2618
28243
45062
29924
9110
5648
31902
11754
23218
9973
21156
19712
39254
36153
8622
33329
30349
9868
25365
11677
40878
31480
31122
27368
4056
17514
33276
17182
24853
14913
40067
16527
39757
18814
28022
43193
27383
34776
14055
37672
10037
43602
706
27098
44532
25375
26073
40217
23172
45290
33760
2599
36099
2319
43016
39919
21305
19831
7630
4202
4256
22979
511
267
16662
22849
40645
10000
41213
23838
36778
14514
8139
23860
34862
39660
33753
31593
17100
14561
49715
31894
27735
5144
6180
44450
5193
35417
31438
29039
41804
13087
19787
19940
36858
21898
24644
48526
12198
2906
47011
32342
19146
29127
13391
5871
24281
42027
36029
8912
9246
18450
29469
40408
10978
25996
49169
22773
47285
22632
31010
31493
2012
10247
20921
10878
32640
29768
29242
26196
14667
48795
12810
9231
49105
49980
48534
33920
28686
1494
42411
29108
33539
22387
39452
31717
12898
9825
12197
1596
42810
27491
43279
46904
47642
8162
37528
48630
47019
23900
27766
32753
31707
22042
27695
4905
22740
20772
20757
7864
36480
37972
28460
12206
25777
35000
8157
27798
98
39073
36208
192
47570
26175
21744
33098
21737
28395
15334
44795
38653
1276
5898
38051
29003
31429
40044
46527
27296
48396
11292
43334
23316
48731
16005
18211
35955
47177
48348
42505
43545
42099
16297
45957
33629
49803
32321
3240
10387
43454
33045
46031
791
39001
47890
40342
23212
20137
49113
40791
32375
36201
23871
3493
6951
28775
26250
13834
44551
46718
16793
18886
48499
7573
15893
13210
38431
5633
49629
33125
17154
39105
35885
30643
36547
5921
30585
45466
49051
28630
6946
17330
39571
394
35130
32938
41588
9853
24533
32286
49543
12080
27047
44833
10156
39722
939
4921
9622
48527
45645
22088
8610
41917
11017
4061
22198
49184
3757
25705
6562
33031
8306
9541
43171
12285
15289
41895
30246
40336
9741
19173
6336
4187
33408
21746
7342
7596
32003
23450
2752
40399
44719
36544
12460
9151
3057
26737
32556
49043
7075
9373
7358
1719
49251
36046
29119
27674
26498
35566
10410
37992
43206
41099
25426
25333
22105
43064
46924
12555
42500
3313
7163
41870
28558
47366
48397
16675
10143
40382
49740
49056
34746
7412
7076
46079
41630
4419
31820
30005
19006
18862
12870
19675
29666
22575
26195
46182
20873
10639
42109
25434
1842
45343
43910
2448
37568
7386
40138
41487
49117
30775
32183
38676
23894
34
14915
11856
45147
41696
26074
541
34285
33511
40227
39661
12542
24694
14668
20628
46632
38176
29837
26577
48520
27547
2854
17011
33925
6119
26650
26833
7902
3247
837
15312
43066
44464
7330
38336
6750
3119
3704
30945
22465
47989
12376
18084
46999
22954
41718
7399
17863
25768
17854
33611
13494
18916
38116
24495
23073
22681
42716
10177
29577
16143
6812
39468
39712
17510
15449
28737
1789
24524
28583
33941
3642
13300
20472
5438
29578
30872
22113
39015
37934
30953
11910
1633
31994
47881
18011
6727
24813
34581
26023
2551
36085
16425
11454
18155
4684
2980
45503
11370
41151
40938
9644
12820
35410
31981
37271
39177
40233
46727
8487
43804
21794
37709
33504
15463
9708
27696
27899
23317
15793
19993
45321
3286
1521
13139
36388
31836
17337
14956
42081
27052
10843
925
4621
1964
12637
24807
27115
45740
28101
22158
25906
40129
13512
39288
1032
9735
2724
1211
6955
47506
49361
1637
41747
16419
13029
37604
31344
27048
39688
47735
8570
26535
29184
14419
37669
28970
46108
