45231,91902
30054,89104
24147,56370
3066,64599
23510,72646
37618,97780
49690,51283
17458,84842
16873,71855
28043,77942
25413,98416
28789,75142
48957,95971
18563,82984
6968,71395
4851,97766
18004,77416
49729,76826
48387,70013
3514,65235
23364,84411
1878,78477
3579,83993
27081,94821
18254,91761
28535,94860
9908,52411
36320,94467
4995,90231
35431,90283
15552,69325
26455,70717
15549,65759
44418,57666
10599,97270
1498,68050
16545,76541
9367,77522
23102,94280
20045,89681
1522,79576
26142,76152
4769,59646
386,64952
17932,70588
37283,60166
28974,53728
17227,56993
49940,70055
27267,62887
45983,50392
32612,71082
7564,70408
17248,54575
43151,90558
6611,89961
47301,75697
20205,85825
39100,68017
3155,53784
29568,77651
1852,97716
38980,94715
28225,62180
17111,82414
6947,84692
41856,50876
15454,64137
5682,55955
38581,65191
49084,73248
17966,73393
40455,52463
18282,93403
42247,70247
39242,59122
42634,53047
8735,98452
13387,92774
35808,90757
8516,65471
26409,50324
31623,88869
28659,95194
2170,75323
34085,74459
38405,88654
31201,52599
20972,96975
41608,90115
17660,60677
28414,74381
39803,92560
21678,62991
34349,99416
31936,52521
44245,96299
46633,97102
12284,82670
6912,75793
26590,81075
21614,72421
49081,86575
43685,80861
46639,88143
21321,64790
10755,94427
22556,56812
32147,97335
31374,53732
28660,74704
1668,85523
22059,54955
29913,77051
4790,62727
31256,64427
7808,81754
44449,71027
41843,82729
36840,64967
9317,87506
28931,51042
10429,57964
12831,68818
18233,65935
32453,80023
16535,58708
2017,74204
19156,84865
32184,90287
35731,50036
44738,53744
49444,95109
36597,53748
20962,71872
36460,98852
45925,94534
42305,83840
18250,70222
31047,59178
19596,91304
25894,90714
27432,65132
6344,50793
36196,91917
14526,93892
5123,64270
27651,54953
26819,52954
21327,92913
5842,63282
41133,92407
37122,64019
12228,96168
40422,59806
6884,72406
14860,72297
5995,50596
10233,96645
5268,73742
39559,51532
21748,89563
22461,76609
35101,62198
36090,73647
24193,82094
48020,83368
17759,91876
9424,58444
48859,59585
26274,89323
44985,97665
651,94859
20924,57421
5574,96998
40118,68218
9979,57153
13557,88196
11665,84810
39595,87943
27283,54133
3524,66702
47461,72856
21932,79875
31749,52163
16505,61064
35018,99972
17950,83699
36383,84983
32015,88694
11029,53148
27928,59690
42795,83096
12173,85923
17067,95181
21473,81618
31647,65410
39290,72178
12594,95891
46326,59226
49106,71355
14337,53919
10249,77742
33617,72201
1929,84761
25290,79947
44673,71076
37101,91968
8146,90389
4561,80540
5115,91654
32747,97770
15846,70046
6435,69254
3464,71968
39406,68374
15096,89807
1392,54740
30258,88582
14803,54294
7199,98761
27075,60397
22447,83440
20046,91561
26570,67800
16124,71002
28874,71555
27088,73196
41683,81748
33036,72508
42273,56740
21582,87957
37733,79770
39857,50200
25591,82847
9353,87402
8875,79758
43487,53432
21712,72238
22874,95032
4164,51257
7656,55196
16278,93985
20850,99240
21713,99272
7756,63029
24732,69803
5512,71120
180,72594
35333,54261
12775,69753
11973,97617
34651,60069
6554,62120
36284,89762
3571,51666
35817,87458
29586,89642
19129,80941
37484,77622
18868,77109
4597,74730
27010,72386
2411,50373
7261,68634
10674,95901
45912,84348
18149,62078
44494,70444
39193,68071
35720,94691
38395,71708
32423,77835
13049,80284
40934,59584
501,92325
15053,85100
35022,75063
13435,98508
7014,91846
18214,70154
16437,60707
45200,63398
33825,50953
19686,93443
28988,91061
48572,86858
35601,63351
35717,57120
29330,57779
41573,60047
27729,91928
14060,66943
11704,60842
42453,63633
7970,89723
44136,88369
12866,88163
64,54208
32364,90634
33493,52417
36871,59995
14742,64343
18382,57983
31210,97066
34989,97224
15110,83447
35979,61148
332,70537
5725,87367
29689,75705
38375,83676
24416,95693
42100,64658
32613,50643
28839,83110
37743,84661
814,57082
9462,55440
28566,66937
39629,61280
22626,93986
32096,91195
44089,92271
13260,92661
22584,81013
4073,99864
40011,80457
32192,70215
10371,78320
18544,89917
7431,92704
7829,59316
33378,92670
42762,74160
48545,66070
12888,52637
11606,89557
611,50908
3963,87405
8954,54700
26459,79409
43026,97804
13662,98033
9901,99523
46439,94817
12965,93520
19,82590
48335,74665
12467,88012
29426,99110
2490,83331
44135,69461
43833,56557
10910,80091
16260,79807
39990,80561
33618,86961
36716,83566
41729,85556
45514,95445
4524,57506
20809,84612
25043,96722
13116,78687
8154,90925
44276,76090
42232,67755
5671,62238
23880,75588
5627,97904
14615,60883
36874,51247
2626,63514
45440,63267
1207,96728
42550,93629
22064,89737
47696,99056
1848,73394
6136,62343
7858,60552
18466,93069
21835,79903
44925,51966
35603,96773
48072,54076
8750,60639
34292,65867
21497,99487
45582,67818
19749,98757
24330,80176
16178,85237
39305,76917
23708,61414
21834,77756
24098,57607
22845,84831
24922,78948
8666,57036
40721,72917
47612,97732
45613,98921
7475,68664
32263,83191
154,83490
4514,87202
11893,63060
25229,78311
21039,60012
30831,75814
14680,77495
44656,59360
4007,59258
17420,64580
46972,90502
21892,58547
49778,68033
44422,53022
32182,50608
4782,97462
38187,64573
15493,92630
32781,96024
1925,52321
17957,75423
2585,88913
25818,59812
42251,85644
24981,50653
5619,54272
1217,86226
12349,96976
43181,64728
9041,79116
42954,96371
1726,87622
24140,77185
24511,86139
1314,83812
3756,86206
26960,60132
3577,76640
5729,93211
42286,78262
23455,76117
21849,94755
26711,92808
30225,94003
33767,99698
20036,85557
13655,53979
45506,62460
5658,88343
37907,80422
34069,82671
26226,89220
49959,86586
4719,86592
47458,90142
4713,90131
19908,63566
26247,83281
31712,88162
6842,98243
41737,86986
21829,64747
34384,69910
20609,69251
6552,91501
13803,94126
680,86523
39249,96859
38603,66319
25760,88675
40654,70666
45646,98236
18132,63094
12700,65504
49826,80366
41939,95606
44510,67005
10719,90578
38193,79593
26346,80956
33631,57158
20513,85397
15360,59055
32718,64426
28320,72411
8898,75038
8647,65927
44002,77874
23502,91373
14489,76742
22223,99594
1266,54795
44046,93301
30982,60343
42231,61129
1697,52931
47530,60172
36824,88535
28863,98099
34430,53033
9867,64718
39191,55925
45955,58338
9642,73764
37589,90725
45641,73272
2848,50533
31834,81543
29045,75399
32553,92856
18906,89731
19291,79847
2635,96564
3402,55788
29536,55512
37802,97383
22478,77931
27912,51641
29422,98901
26636,84338
9833,63765
29346,89792
40953,93681
18842,50675
27100,82267
2922,65174
964,93409
14874,60174
36232,89280
37430,84161
6222,74740
28829,72550
49045,83742
43179,62004
27156,92734
39334,97044
2453,82908
14217,58512
28407,94273
37160,84179
14926,72028
7727,54468
23236,74941
38022,62893
16107,98280
43483,75380
44425,87155
14399,85486
42943,62681
24426,97196
42225,98179
8509,85031
27681,89542
28242,57931
18252,89559
2564,85199
3717,69192
46841,75401
13142,92263
25883,68668
46171,98244
15195,93474
25328,97223
14709,94488
18389,91493
11210,88379
6938,61830
38334,65613
9939,97134
7117,95382
7181,68095
24833,84666
15636,56982
39772,81184
32063,51287
39017,70668
26441,79229
46557,69799
7434,84349
17151,99437
30079,65104
6227,71064
39695,83020
32022,71255
10748,64949
40748,94601
26327,66251
21146,65315
17085,52768
8181,77248
15777,56758
40404,63393
24939,57891
39088,72744
2873,71881
19754,77476
25362,62670
26049,73210
16897,91497
28803,73475
42419,61340
31075,61511
2363,56283
4781,91053
7267,98491
4758,62702
48529,55530
39753,60317
8204,86391
42333,68027
4550,61029
19706,94932
36923,78766
20677,83918
13647,73435
41381,68939
23146,60467
8648,74668
40870,57662
40796,63378
1328,65965
28150,74871
10287,64939
7142,61942
46758,84953
16690,66082
9314,64059
37579,53348
33157,96363
25371,88958
40565,68970
36680,59120
5431,77540
47607,82150
27957,70293
14693,98731
5316,97529
6976,72537
47097,89113
36145,76352
10996,81088
14987,53450
41622,74474
16213,61300
17920,55877
26689,74659
3774,91938
36433,63509
33232,55509
7737,65936
44785,82225
8086,58353
13080,95227
17566,67070
8663,89460
24896,51833
47762,74209
28680,69298
4580,92975
34193,68328
26756,98859
6957,77130
32847,82483
32643,66258
17470,85810
15259,61749
28103,78790
32425,92722
3410,89866
44310,50281
47593,85527
23731,74991
45534,55172
31679,81061
34004,80012
47491,71077
12558,88556
48369,60303
36699,72316
31336,69145
2189,77056
11903,97440
49720,84296
123,56793
39127,79529
34348,57753
18287,80458
9799,78983
48951,56878
11666,93525
6809,58566
9836,55850
22284,74938
48140,94815
35966,90465
22651,80404
14688,54169
3816,52902
2276,98020
28586,86344
33726,60579
43991,94794
47049,55665
12386,77335
28807,81130
16263,93312
49197,84084
43732,51917
49714,82853
7428,88246
32128,94853
13382,99069
8317,65762
509,56535
41576,60177
18350,54827
30522,65477
432,60249
11507,92822
44970,99213
36108,55790
31105,61649
33377,61934
48011,52603
12292,66767
41830,64995
24686,81259
23145,78679
19911,88671
20646,71766
42028,83495
13145,97899
47221,83377
40132,96996
20741,78419
43798,72868
7270,65145
43553,58778
28884,91424
3578,55697
31157,76938
29340,78103
34647,63573
14104,64869
42971,59303
16863,56232
36380,88293
8059,88482
20681,73478
12387,71159
12795,61556
15948,66716
11410,85894
5918,66155
30844,89184
1503,62906
34421,66754
8784,60070
17345,93928
5271,62157
35156,60539
30193,61568
21681,68174
26363,92487
46275,88445
23754,71891
48714,61926
30681,61895
13278,81963
24045,61472
45496,85602
9989,69025
26852,93058
30019,63693
35009,81758
31495,71091
38821,81124
13533,79874
17768,64710
12958,71605
17935,70187
39434,53211
15920,88270
3392,82381
47617,69694
31082,68852
22803,57187
34302,63804
48805,54778
6874,97755
35912,53814
2469,83854
34171,86748
7487,67984
22171,51080
36296,81338
22314,57965
36485,88612
11780,59477
43340,95157
24552,99364
33289,75300
49297,74354
44598,64053
29983,62771
12660,87043
15293,60050
19731,60542
21629,83208
9930,65415
9195,97291
20250,75431
23047,96180
30840,89715
21761,51032
21199,58435
6232,67296
18370,84700
28135,65922
5776,94505
3125,61102
4804,98915
8525,59794
29879,78288
40580,84128
8858,79206
19633,66087
17733,81245
9656,88559
19290,78425
35296,78553
28973,66543
40751,98224
4938,80245
18575,88937
22534,75196
14806,65187
11338,69806
8292,97318
31810,82833
33803,87469
47442,84962
11961,62531
7036,69079
36836,70206
16636,87760
15356,83261
48460,85379
18620,80398
2755,66501
19558,96573
15716,50463
32354,50249
8075,72023
10166,56738
43302,67284
37601,81221
49865,61952
46869,79260
9748,74779
30912,61103
28379,81709
27989,82875
9132,77549
30701,55123
13299,84684
10381,61400
29136,59111
34235,63179
39698,90951
28703,52183
36203,57397
49055,68086
40569,84425
25870,97032
36269,71874
23674,69794
47399,94351
46184,60423
30075,88744
10313,57494
12137,64614
10965,67773
20946,98258
8833,68681
22598,94291
36055,89264
45293,70411
29819,71470
31649,68636
25901,75214
26616,54362
26664,81105
17690,54070
16187,88831
36311,50032
29750,86595
40605,58973
40051,54032
366,92238
48616,50390
24620,54585
13810,91236
10311,88129
25181,68036
25385,96395
16806,52793
29067,86018
13740,64716
24812,84176
24945,99118
30353,95780
11938,94986
37147,65990
20582,83436
47531,67950
3883,74011
4819,98562
18021,86332
1194,60601
330,98689
25985,93615
30269,74064
23874,76099
33355,96659
35972,98507
36457,53061
43496,67276
11239,81746
14936,51422
46598,57588
2266,73017
47244,62759
48702,88726
3110,82122
14775,91193
13478,98114
8336,98380
33374,99319
39565,73522
15526,89561
1349,67314
19376,96119
37049,95675
13746,93809
4390,58212
41821,78547
34622,93508
32591,53868
41002,76162
30863,86532
29736,66311
17064,52247
32004,60605
37287,50313
371,56892
26588,97562
31556,64237
38559,95269
13474,61487
11761,54577
2043,97715
7339,86681
2429,90963
10597,54026
10220,67545
32352,67643
19725,62685
29584,83594
47773,91519
16367,59435
23707,62857
23076,88354
13894,73011
35630,87953
6134,86390
13832,88887
17841,51021
49913,52255
40182,55322
42925,86229
23654,89153
31037,65416
45015,52922
48657,82332
13861,50284
41641,79894
19402,68669
10801,82929
28657,96819
38808,82874
39325,67362
46271,96944
48654,70815
37621,80202
20762,84591
35752,96181
19454,62018
8786,80779
24759,71397
20680,58718
863,77246
32284,70073
21554,77440
30266,55527
40773,74016
7273,58845
3193,84965
2888,84132
28191,66528
44638,59365
15593,71917
13250,59815
8163,75648
6429,59245
45980,74987
44640,53284
10959,96441
16610,83929
41337,61606
6283,59957
1550,60550
39608,85650
34188,99290
30854,58272
12205,73345
16813,85612
6518,74228
10340,86912
41988,70546
39910,79522
11885,62234
6770,88195
40344,87403
45673,62395
39950,59425
17549,87532
9978,54837
24513,62276
1478,74407
15572,93462
22489,68594
7010,71895
7086,53188
41709,69817
25480,71277
47910,88444
6353,83212
6379,51586
40064,66940
44701,99800
6220,70820
26872,90089
25249,73681
42276,86726
41188,62753
42838,69384
45409,86091
35267,52436
18419,68793
17979,52316
26267,63434
15320,87673
43006,95106
11276,89758
3808,85429
4239,79518
23531,69659
1656,72377
33661,70246
20758,79719
4615,67638
4245,76819
350,92333
33285,75692
26109,55795
33235,55867
43431,57691
15909,98830
38021,72489
47549,81164
48591,71913
37702,88104
23436,69874
8763,58591
47869,57121
11167,88662
49773,50698
46082,52617
43517,67133
808,61425
20383,61380
33357,57008
35612,60407
46353,59514
4761,84735
8066,50109
10189,87097
42359,78885
49932,76903
13807,87162
28997,68632
43352,54811
13591,73581
17471,83209
761,53108
16442,95774
22436,89883
32152,74269
41318,97446
26609,95630
2767,57854
15038,75961
48680,60102
4689,79701
48515,66931
23205,66986
26020,54957
49406,54141
38212,63660
26663,74008
23662,72240
26719,75750
49789,98592
34088,59454
30631,90421
49012,54242
38901,72787
36768,88232
5417,94599
29516,64377
41909,50057
31947,83115
43161,82914
21814,51912
1603,88349
28216,98748
11989,91956
1376,56479
21768,60931
2107,75117
39449,89922
4351,58881
39238,60262
41985,93424
49449,90546
22972,66026
49948,66778
16424,91165
16106,54164
47294,99989
11130,61558
25941,82457
28816,64007
29179,56045
32391,86839
15686,88167
34206,80365
22537,66086
30092,53191
9592,57605
26036,60738
33738,71164
10426,64689
3100,97077
9495,95177
8615,57339
26317,65809
26021,83082
11879,63805
40573,77253
27984,84920
32222,96591
15424,57958
13699,71485
32856,96820
18876,70574
5145,80803
23854,87288
48722,53142
3869,64707
15908,86457
16294,59635
35753,94725
21558,73975
10389,53727
42465,59731
1939,58975
2542,80045
44829,92464
27916,61431
44911,60967
31809,91474
8221,90656
45095,79120
7038,64844
46419,94120
22256,67820
25103,73141
7227,70216
36697,67726
34253,98762
9974,71801
21357,70790
41678,65650
23820,59770
43948,89122
31015,59602
40089,83599
11851,64076
35406,88503
17052,79421
41845,78999
39131,50431
5941,60751
45883,56089
25685,60789
48136,56309
23904,78538
27588,88244
13526,66508
45339,95563
8689,79159
16605,69207
18938,62222
47339,54467
46061,57284
26777,81016
42606,72112
21562,75321
45142,54909
46089,81575
5171,60951
28681,63124
36973,58283
7663,56683
27633,82942
32811,83637
39183,72126
22067,91468
37250,51063
3258,99185
25041,60247
5036,61706
19433,57083
34289,95868
16041,73969
47476,71687
40534,77568
35745,78861
5290,93237
19111,67864
47946,72072
23843,68324
47872,75407
38599,63701
4101,80225
9331,51526
47394,82997
2748,96948
12007,86305
36050,71302
18275,99914
35803,87486
17195,52769
19225,80614
6760,90337
38012,99007
47396,91878
17745,69836
24931,98736
9330,83886
20316,74065
1753,87393
45041,78720
7278,97838
34809,88004
9006,97676
14247,55567
16582,84343
8469,85679
19476,56809
31935,84702
32577,57734
36905,84633
39186,83193
31327,96332
26765,75509
27431,56430
38366,98769
7095,64122
7952,61245
49508,94882
30242,75195
20080,62046
4472,67291
42075,69281
22886,93983
49887,60729
23986,53488
49559,59130
46523,53373
6263,62354
39786,86673
48409,64645
29990,68254
31048,97332
31430,55255
35284,92797
31658,50221
5508,91896
26191,84622
31791,72380
49379,93652
8116,92680
35715,81099
45575,63895
21858,59185
20897,58673
21461,50004
12171,86824
28698,90093
10963,77527
12302,66037
16876,98541
25492,51169
8586,59934
30728,87634
17613,99912
14009,96506
10341,60143
2786,60224
20130,53451
18526,84181
45927,89430
31365,68952
32078,52164
48215,81454
29853,74214
10953,82869
26190,57793
46536,98502
33216,62380
29016,75199
4806,75687
10243,74454
43875,97614
254,85133
10771,91978
565,76063
6616,60912
15658,60731
36731,64389
15673,92436
5055,67809
15555,82783
31619,72463
30519,95694
25632,69223
10490,64251
37774,92991
5348,54543
32536,83804
3302,91408
21076,75869
37138,90265
24528,65804
18217,78045
12151,77978
7749,57115
6800,65501
24983,83169
4727,99945
2746,65167
24755,56168
21288,81518
35100,87691
23356,66226
6605,92763
41388,98681
712,77419
40256,95400
35035,91020
42319,93360
37468,84011
26864,85467
24428,65664
43350,67208
37847,56994
23570,75686
49798,95229
49437,89351
21819,68046
47535,62666
5515,59912
47210,57818
2415,95864
39766,50458
35642,99879
14977,93094
25059,75436
27085,74434
1026,53004
41082,66924
16310,52300
24746,81419
5399,81953
8847,85774
6425,88815
43902,70274
31261,53893
38107,82008
42009,57483
27300,95218
25237,52145
41432,95719
27113,76453
42586,58030
13922,69923
20598,86881
45630,86699
25673,69926
25605,54522
10140,94163
2410,90031
23879,52530
199,89078
33776,57841
23544,94268
35407,54154
2257,71058
29290,79944
28273,86136
22048,76693
947,67341
31191,58316
48270,87452
25782,80501
45540,84471
8267,83806
24091,66605
5599,57200
39525,64721
10914,79942
2531,52017
16104,67267
36746,69458
1540,50374
10141,83306
26621,90416
27165,87647
48129,58517
38948,68110
48284,57359
1124,91517
11689,90675
25495,82839
6860,76282
47740,56175
6264,82755
31262,63698
29870,73183
1500,88563
17000,74261
15169,81517
31383,78340
28336,74851
41875,62348
27570,99385
507,74519
6314,59195
31770,70094
28666,95886
29145,92278
8760,56434
17051,98980
37073,50667
1576,70328
3721,84734
1518,79491
40102,53213
16245,99462
45416,62830
2771,76422
37693,92147
7881,84740
33061,50002
29948,81161
16091,60309
3065,60679
39974,88364
19508,73399
25788,93351
25965,70877
43585,61440
12924,86259
8382,94874
26376,82872
22306,56816
35963,76790
33992,92833
41594,65077
17119,62227
45048,51347
49935,80542
16823,68155
16192,81396
4577,65137
15144,68617
28466,57685
42472,88640
41801,61548
37832,80574
46791,53992
47594,53958
47533,80132
27371,94979
19922,80127
38466,84928
7377,77689
12146,56996
25017,84043
38680,77491
46677,73749
30967,51171
20468,72883
41468,62534
44923,96823
15584,80065
12827,80527
15061,52615
35593,88708
22183,84662
29356,61564
17815,75889
36503,57922
30345,93757
7620,76672
6071,84927
14383,98719
19629,75528
43838,53157
12192,51243
11960,69496
1924,69346
45728,50636
49063,89071
2343,58321
41546,94214
7570,67294
20156,82221
31403,72461
16987,80652
24999,98942
35795,68533
12994,53910
20179,78336
7625,77718
22975,81675
2675,86357
32014,81179
33579,92048
37069,56517
36505,54324
37678,85595
34360,75811
42274,54731
12821,77258
39196,84516
38374,87455
45268,73913
11472,97521
25449,59758
28127,97109
26065,65083
21486,54963
3829,58109
30807,52423
17438,56673
920,95584
13972,69041
17574,52733
6273,91009
6978,93704
33295,50309
10837,64505
37610,50119
37205,96123
34615,83058
36068,64502
6520,85942
1415,77940
18964,84480
4990,95398
44274,56529
46975,98393
10989,82985
43642,80297
12399,67437
25765,93867
19630,99775
44377,85884
43146,66939
21008,62564
49378,66127
524,71319
31685,86133
6988,59128
11146,94889
29197,64138
44202,80879
46458,86378
11453,75477
47685,96787
6303,69530
25171,51916
9365,56472
34368,64286
12975,97542
42723,58358
7450,50871
10710,78268
17521,52069
21202,88687
13081,57571
4535,64170
22490,83833
22182,55357
11272,71080
17298,56701
21001,61409
17757,77642
27640,72160
28456,52085
39758,73178
6469,85471
28220,90349
7985,73127
19308,71016
20411,80732
44968,61435
2816,74127
44306,59405
42474,71442
38558,83376
37345,69483
45671,55572
26502,64584
21158,56060
22374,74215
36097,85369
47876,98778
31299,91102
25092,62563
6545,78663
21981,93741
1096,57534
16592,91131
10511,74110
42387,91307
38899,66603
32275,73044
14815,93244
6764,66527
17503,75642
25386,61662
15631,62623
35606,71694
14922,90659
31861,83559
47620,87737
31316,62175
11247,54610
21945,86203
2478,65113
24196,83920
29596,59374
32850,63766
39397,88988
14610,86873
28006,60888
2030,74672
21859,55170
18473,89624
46604,54729
17197,57954
3964,75596
46166,50512
38971,74489
30383,76966
16087,85473
21624,95963
45354,97341
16955,79390
27986,87156
32329,76591
34758,68322
12307,60130
45193,65988
15603,90594
34437,56424
4724,98497
21755,76939
6450,60471
39135,84880
39487,64029
21683,81919
4363,74364
42687,81031
16904,73061
17380,83673
44536,70628
41899,59818
33638,72220
20693,68154
14571,53926
43082,91927
26965,68149
478,59508
22602,84727
44010,80103
32516,71214
22216,50543
1316,62495
40750,54872
47515,78021
1674,94446
27032,84248
18240,70252
17791,60502
9686,52218
45406,89659
4627,62151
16822,74635
21258,70845
45884,83176
41105,74878
41636,86242
23907,60011
26653,72830
28729,81851
30268,91283
8253,84506
31468,99180
44203,98225
14331,79588
833,53201
10468,88609
8428,63562
34467,86471
3830,93187
5810,73693
31182,52525
30827,86183
31211,56584
1462,82868
43639,54007
2243,56829
17523,93951
22766,50296
29029,66060
8864,86311
32130,84421
25982,57975
24208,61946
25946,52143
19696,71434
27201,54266
44886,98639
29987,71087
49139,60323
18671,52688
32372,55552
20696,62168
997,79534
35270,55882
7698,76493
35104,89829
39903,65864
39675,85045
42071,75002
40738,55185
38476,96433
48857,70409
18213,64159
27261,67467
9428,50999
7130,51644
49586,81689
45721,61822
17949,92536
11518,60413
49517,91075
22878,88060
12110,68318
843,61744
44410,82095
27228,98817
17664,98935
44838,79915
21274,55576
48872,97911
5827,61915
38110,51201
7411,99814
15755,83427
25746,89766
40851,88949
40137,85844
32962,74739
27385,91400
12417,79862
12262,78698
15022,83148
4322,62386
45906,70120
5929,87589
35339,51295
33624,70601
37364,75663
31434,61945
14283,64997
17089,74335
11784,63322
49562,95399
25254,91521
7794,57766
11883,69150
20998,51819
42554,63407
15546,67632
37551,67414
36226,75947
16880,99426
3893,58950
13802,88688
49737,70379
41842,87390
17032,95228
27794,69470
27793,79635
49321,70245
35016,97222
29959,54352
8256,94504
3399,90480
5700,83898
8185,96124
19727,99759
23752,96072
18274,93324
974,84250
32633,73486
15331,54346
17732,94283
33122,60238
39838,71079
8679,70386
15375,90068
29858,62688
20896,76813
49369,62063
18686,98564
25048,72617
27544,53252
47680,70772
15836,74980
48854,71298
36583,95508
20299,89349
17900,94424
2608,83844
15856,75934
14327,72625
48161,55780
3627,81717
40916,61847
35419,92608
20044,86224
7225,69190
28908,59468
10176,54493
19469,55412
11299,99391
23600,97643
26456,57621
15786,60703
15238,89598
45469,56420
22464,80210
10833,73395
86,62156
10327,90885
37652,69996
3728,52465
16092,73381
37657,81623
7992,81229
8567,66705
27616,63861
12721,66033
41399,99218
32148,73950
10179,94356
14091,58225
33338,96515
37509,69211
2110,82711
43499,72514
2351,86078
29458,89984
24714,82380
37903,72624
16499,98381
40687,52979
8427,55969
20522,98525
3182,75221
49937,87349
10739,78006
31275,57692
5920,79413
2025,86473
11994,50380
41391,61951
15175,50693
7581,75614
21387,80070
9660,79769
49465,86317
36619,86804
16315,92281
10513,91818
18564,80859
17476,79665
9902,53078
6887,62889
30732,50398
48832,90101
28144,55213
42044,79111
6225,99796
42220,81550
22664,89211
1671,98573
11733,51103
36621,77592
38177,91932
35010,79145
39373,58980
47508,87664
31346,74450
13380,78454
5667,75813
46577,89933
28765,87813
468,85187
17044,69536
36082,51079
16014,70868
34435,78599
40234,86877
45043,69970
49796,68042
277,87387
42158,65192
6009,74356
14773,57455
28327,54846
31799,63671
1464,54138
47160,66569
13227,98932
22754,64451
22696,99216
16775,88686
35918,86314
8133,51701
39389,60255
11875,69033
42405,86441
3633,86763
41955,57009
13946,90441
30163,97254
41643,61136
34621,79750
33608,87457
25311,64881
48794,54788
11904,98189
5204,60085
22298,93305
40143,68975
30468,67126
16971,66898
38000,89717
31823,79415
11975,72405
7516,69344
22032,77768
29168,91076
36218,55605
45754,59654
3499,91023
18346,76556
6598,89771
17444,62908
38438,65996
4873,52350
27720,75393
42767,69574
30907,78502
43378,85334
21520,64103
37939,59463
6584,74365
7745,52469
28614,89663
49600,55705
35729,91656
2697,52952
11300,84297
15140,62914
44412,63009
36138,66530
5481,83273
28798,56461
778,85726
12103,76243
20797,78358
44847,59950
45846,90756
46932,93442
10899,98267
10447,99373
10303,55008
9105,57253
32172,80865
43922,86984
8536,58487
36794,89782
25463,67033
32279,74108
11650,75888
1166,59329
3073,78316
12006,53353
46269,87384
17463,59479
18444,68316
39420,50836
39119,67152
47206,53010
46447,91440
35360,86834
2640,58281
21459,97325
43711,99783
5692,99780
32169,68523
40712,94837
12679,77811
44343,82934
18029,83166
38423,52284
42298,74607
4499,80936
6287,79817
4739,87661
10400,70727
14838,81898
7070,92839
1560,70869
16128,70809
13660,87345
21051,93461
27675,86175
12855,90561
48542,63778
26462,99070
43224,82884
29707,75971
36749,71483
6441,81720
15226,56294
5748,87001
25436,94772
6278,50470
46002,88824
23519,56407
37080,67965
34194,92912
48171,83085
41173,78423
49997,84192
32863,51313
41619,79302
17455,61347
26037,93925
8682,64748
33530,68654
49766,90955
12574,60822
4880,75324
30081,92939
328,59738
14253,52132
43232,98985
20505,98943
19663,62657
39634,75404
38642,83008
43448,55716
28275,74201
42370,71418
34371,58629
34182,97226
6871,60119
12528,88656
14031,59717
3013,77001
11510,64355
14208,94673
31854,64572
44725,55080
13297,85950
1279,56107
31026,52557
42195,64357
45216,50720
2004,94152
24122,63363
48035,56287
24846,51379
36024,66126
13748,94499
45187,59813
27243,85462
6962,84644
32617,83780
42094,80600
31454,74654
16418,68454
46609,77366
27615,86472
31689,95906
7380,66388
27998,93719
15553,68706
6329,80368
18939,54562
48096,78023
47367,90088
47230,95659
16934,84045
578,69446
1772,89379
29792,70742
22228,92215
45442,69080
34487,58356
28049,78902
3942,60208
39841,88131
2797,78898
46140,92015
14992,74818
1028,72073
23889,95872
21516,63304
38487,69105
28982,93113
11773,58149
5984,57509
9372,80525
13336,79235
31380,71745
39051,91403
7200,98346
29284,99472
48549,50801
15833,51925
23833,93178
1551,85640
4882,95657
30688,83510
7490,65638
30645,71524
9484,93160
303,71069
15090,96692
33069,70824
5096,60211
6455,84319
32989,83869
2376,92937
37025,60573
36713,98544
35879,83867
11892,70548
28576,74122
23489,80010
6380,70970
9808,74735
37027,91822
32507,80516
41047,95602
6819,56752
47666,65776
23328,82722
26627,93471
22278,64093
18100,77022
29873,73773
2781,69607
4520,94867
28444,84730
45399,78819
46161,83428
37353,70718
39503,83664
42308,89282
24415,64853
15073,54254
18448,67786
14309,90396
15052,69861
49471,92689
39648,73645
6483,91520
41676,96036
19739,58593
11582,95724
36223,66307
47741,70326
35843,87530
41181,50784
28430,94051
16349,61284
17964,67089
33682,50318
9223,69832
38301,80043
3817,80798
47199,56317
28330,68575
39451,63045
34925,71199
17707,50616
30867,78825
37065,89678
43450,50244
1985,95213
44414,59962
15124,68877
29084,74326
37292,56967
30367,78537
43451,93775
7343,79204
22286,75894
31599,74838
45310,64579
33274,56577
37754,87915
40030,75442
15953,84358
44506,59685
4011,73897
11705,89225
37925,75125
38885,81656
24189,93004
29862,67019
35138,98668
24282,59898
9157,65434
42659,52495
3709,76334
33940,51744
4058,85316
9102,84802
17704,53752
281,87321
4081,67702
17157,88306
23513,58682
618,76025
47283,72996
21038,93083
21206,72605
39082,90880
17244,99676
48227,58524
47880,88308
42825,93362
26617,81431
21988,65050
14007,91655
19806,51476
18870,70533
40606,94625
22628,64935
19057,98482
1853,58979
13750,63274
32327,74067
17104,73644
34452,62812
6536,70508
32181,54317
7230,72538
5412,67823
6773,71675
33104,80320
31368,96547
48991,87407
4725,53968
49864,96011
17570,76069
30073,84311
29486,52891
9971,95806
4726,66805
12429,57639
5430,59481
32197,83907
43065,92620
49160,84175
32048,91054
39855,56217
34550,59971
25244,68497
44677,87781
48734,97424
25836,70965
43308,52155
7053,96559
13961,63118
27174,90499
13763,56291
34509,54769
49399,58796
43661,88828
42043,66371
28130,54126
19212,96389
25522,75434
29390,53696
9587,92367
23804,68434
6275,52829
19665,97171
17315,62030
25346,74178
48808,82043
19968,71072
3097,61716
36459,93084
19418,94001
48894,56917
25166,69153
47118,62482
4668,95678
41872,99173
46726,68300
26866,67043
23434,62595
29910,93970
48726,97778
25714,76908
43536,70466
36592,82082
44076,63894
40033,72245
24364,85218
37112,83922
9113,75177
23007,76328
30986,93108
34887,61713
27764,67825
28961,89748
10278,70255
14291,59563
19097,55911
32571,97495
41129,85139
21535,78190
46891,72752
31520,85953
43172,68763
20444,74836
26066,80579
46384,85949
30786,56144
1448,71810
12071,76502
44333,84889
35626,69629
12879,67832
22148,92380
30510,60425
43373,55203
6550,57687
47763,93667
58,58376
37209,90469
15047,62260
12333,56973
12544,65311
19033,69730
45870,61031
47146,82910
1677,76988
19450,55548
9505,89329
43925,82628
41759,72330
28999,51421
12217,58969
39976,92114
38868,75275
28769,70480
10958,95419
2338,84528
28548,99021
8369,54742
3941,57091
19697,87541
46260,57451
4388,89859
16798,57311
15745,72684
40448,76805
6934,67175
27435,98766
20823,93046
28053,71924
8049,82338
14809,63466
39115,84388
1477,94888
13971,64249
44398,91601
39299,98413
11405,89928
9422,96527
28701,88431
45946,51915
29617,82912
14960,82228
16239,51464
10641,51753
27980,58749
3367,51262
33343,94669
24638,66526
26969,58952
45787,50951
17572,84473
49735,80916
14948,82629
6467,97584
14044,55908
15766,78064
10818,79239
25289,76850
24596,66216
13981,51501
7644,93278
18519,91643
40518,79678
46027,58660
8439,64565
27717,85958
5181,68358
43604,50604
9031,69058
13688,99049
28450,61403
32345,89709
47843,79187
20161,53238
34147,62471
16396,73575
42882,62307
13168,68591
9518,58764
43899,88225
12894,78310
10436,80771
5275,63847
42011,53212
34453,60123
26189,96731
36405,91384
48034,90657
11224,96368
29903,83653
42809,65407
40632,73678
37239,74566
36058,50984
49394,59409
43680,51880
34176,79112
19729,58224
44130,64879
41690,87715
23822,73805
4253,66177
18077,67956
29122,59186
11631,54303
7697,90736
30933,96177
48413,85972
38984,51756
28713,77176
34068,88781
18765,79156
10601,85818
41034,56235
1909,51235
41840,55139
37494,71014
43280,50351
3784,70397
12996,82101
40184,60875
1875,70975
46372,78621
47039,67060
28902,53841
25898,70069
39276,85314
597,53387
7633,69525
43755,94855
16461,99028
18725,89427
41992,63912
27225,84574
45381,71141
16229,84912
42194,92035
24137,68922
9040,98347
30330,54885
27197,61550
33101,63636
49949,83895
87,76026
46508,86025
10592,68802
23919,53527
35914,50224
28487,75186
32394,70342
13580,96726
12306,50879
30336,72019
13640,95416
7705,95417
12239,82544
20304,71009
9165,77325
34804,92567
33518,51623
17586,75147
40261,60904
31131,77963
36423,72965
10566,53545
11898,87466
19884,60548
25932,77713
3945,73298
1936,98407
24723,81414
45876,83139
16688,83095
16562,99656
47141,64315
7463,64126
13553,57789
37003,56082
30942,95528
7140,61536
33028,86902
26707,69160
21866,75245
20726,72613
46351,86906
19964,68805
26007,99621
21294,97653
4641,55425
37206,52081
10277,61778
41416,75382
48059,51418
48074,83283
13683,68274
31192,56310
41111,60786
18292,73733
31244,83288
41201,66293
22777,82591
21564,97057
47934,60607
7723,61644
4041,86949
5853,93976
9655,96172
10698,80431
16097,90223
11987,76657
21585,84292
32675,65548
32543,77297
30962,85086
37826,70239
13229,76564
45286,58163
48933,95515
18950,83290
42740,54771
7048,81198
36654,97059
8166,54958
12488,66913
966,91150
35874,63563
8777,85879
24794,83908
13500,79854
33895,89010
23974,54588
31153,69958
10099,78628
22047,76326
25164,93912
19585,98718
5241,95596
33410,54188
19952,79527
6056,72190
34609,76649
46234,57089
14228,77124
5626,71937
23657,56129
6421,88427
4427,74712
15,67801
5541,98975
6142,91635
28200,66728
13989,64438
26162,93080
33366,69068
25498,80902
19821,72359
2872,55418
35316,60744
33349,87448
9619,64085
28697,64603
47429,75775
36065,52539
42327,51863
36574,63172
48596,72176
12102,73164
35321,55271
49918,75735
26827,88552
37191,60896
884,71695
24637,94543
30058,75868
187,74893
24789,50202
24567,53649
16741,92601
6777,82031
7160,80330
38197,58458
25979,76005
33141,77302
2793,54283
42564,75866
20116,53939
29599,65380
34365,72549
15035,91728
38781,98323
42444,95890
41245,54724
10844,98337
46860,91939
10512,69242
571,62039
28492,95960
34035,99388
14062,86744
26683,59158
32890,97488
20479,66029
37119,75295
2852,99903
36867,64354
28147,50638
12478,88002
41555,64684
26571,88561
12914,87379
42154,55546
20560,57713
27370,97843
47386,75109
22889,96932
9940,81481
9538,76211
18224,84029
13905,68538
42193,88845
26193,77896
23549,70618
22402,64241
3235,80419
23097,67528
12141,85494
16609,74095
9081,92810
28622,92944
13589,53447
40242,78787
43150,70057
37005,60715
23437,74567
44230,77836
49580,69631
24665,56033
23595,74148
41752,77069
7362,74821
2811,69441
32444,91096
35936,70128
25844,58147
40316,58062
29043,73893
36143,67360
11033,79469
37879,63146
38337,96758
32635,68433
22793,63258
1835,75294
32900,69700
12295,99429
2208,87519
4260,77048
9637,97819
34025,56092
31934,59566
30261,67404
41378,73497
25851,91287
3325,53017
33242,51387
33441,58605
7383,90840
7568,63329
28915,54434
17895,83194
44528,52372
12686,52035
1156,84261
27672,92857
10812,72390
47519,92107
21519,66859
32580,98385
26740,53781
24515,81858
36430,57725
37502,73877
8472,62846
25937,83438
10984,74487
31531,60382
4248,89101
10265,60007
2265,61909
4266,65717
13109,84546
3641,52980
36373,81640
31280,94298
22373,94574
2465,70417
46093,83187
40257,53469
49984,91130
12224,54096
49151,69123
36152,79954
30275,59073
12390,53963
22311,53843
29950,83700
25483,60365
44297,85364
25708,81056
9961,63330
8965,74248
35821,93053
37821,96035
47176,78182
7648,86972
46396,96074
2756,90488
19644,58091
35725,99433
744,91138
45585,52666
35061,61211
32,94227
48559,75848
37274,56392
7610,74884
16653,63194
20203,89401
11618,91765
13708,56289
49576,98616
15807,55573
16788,85773
19457,68558
31118,80464
876,75790
8282,75554
38972,79398
42818,95642
22662,50774
40956,79821
25042,85520
35664,92980
37913,74140
37791,84903
46477,98644
32849,91399
44842,80270
34112,61056
27217,92867
48672,56711
24512,56649
3753,90593
36365,54587
8212,73286
17553,69468
12314,87270
35881,76513
6718,59220
42639,55866
4649,66897
10876,53255
30317,56510
38317,63525
49560,88746
47808,92563
8265,72314
29445,73103
9634,52088
5556,87085
32205,50433
4429,78838
33062,99691
9107,79653
43987,97043
17216,59006
43577,62494
13233,89744
5347,60117
6047,50830
9168,88376
41930,53730
6514,55711
6525,77989
45063,96583
43222,80267
3657,56769
12789,51715
26255,58284
6356,57051
23070,84389
28706,50666
7621,57363
7980,55652
49059,63842
11519,72455
11191,92568
48014,88523
17508,50257
2664,94410
29890,93249
18930,60315
42147,55325
15577,72864
32836,60458
7678,89084
39367,53339
34525,57225
16184,64875
44762,52472
25732,96439
13774,71523
17319,66910
13234,54512
46305,80736
14985,55766
14812,77029
22225,66140
4269,78466
11820,61050
12684,57699
3827,62145
17698,50076
16338,74255
45695,63543
6960,56941
13436,69691
17465,76274
40532,66617
37356,73852
42504,62037
42836,52029
48751,50539
31099,82974
30015,53876
26562,83260
17004,86343
4706,69265
47725,88695
42901,99207
45192,57755
37586,55337
48152,70641
42429,61142
24348,96212
40914,92964
49344,94153
42179,85108
19899,77397
19412,87985
38020,95875
3420,57993
21847,82057
29731,89932
32641,77759
10495,74955
19322,62296
34230,73371
46020,84550
28845,61041
36205,74969
29243,78444
16331,80658
39440,60493
6866,59792
6577,91892
47797,59376
1082,53532
38618,55967
20180,92668
27577,84504
21745,93819
27802,80536
48211,66028
2912,59137
43494,86486
35472,93042
47809,72429
28054,92460
28326,71922
25430,95569
12061,97071
45932,55301
36756,61974
26691,67953
14650,61223
16607,78734
42592,91184
24228,90683
4786,82573
41315,58752
32434,80829
46357,55577
35119,65561
47059,59021
23756,59729
21255,79460
8213,94729
12045,54123
48113,82277
5722,60173
27055,92726
43690,79655
17432,63252
40686,67985
25661,85475
14910,65814
40697,90981
31901,71094
17256,58992
23969,62843
40835,61729
21601,88235
8634,57668
6062,93991
8435,98953
36375,94335
1727,90405
24022,88530
8323,79693
5398,54158
4547,77273
3663,68619
38290,67215
42641,57822
27751,96605
12560,68931
12456,54400
15382,54034
21330,56697
36250,97796
29908,72332
28055,57291
41127,71569
13160,85750
27698,88368
33683,79898
4702,64665
19249,65610
24130,97654
21184,88678
16654,92756
44769,98800
34233,60445
25172,90715
47433,62738
36270,87968
35617,55910
33933,94239
38038,68569
34634,81632
39121,80105
34589,96022
22592,71571
18472,67646
11450,52256
17914,63314
17806,75281
22507,96346
3873,95387
12178,62629
15448,55912
45243,88835
35446,95298
2130,90121
29894,53429
12510,64016
14261,88440
29639,99310
4548,73192
20879,84911
46715,77131
9415,61061
16009,61291
6517,67742
29812,65873
41734,72221
13584,96262
24891,63959
45751,67055
33439,87212
2605,85720
113,99852
2846,50176
4664,83629
23203,65365
2460,77645
33948,65897
19930,77068
43724,97467
36696,84841
25023,62020
8491,84328
26618,67048
26970,64763
33383,68330
23142,53306
33568,73389
24120,60716
36158,55497
24919,82773
28998,81812
9429,79572
36601,68404
10661,90356
31079,71762
44271,83240
25079,67769
39227,86781
29382,99071
40669,83744
48102,70774
44103,77244
47867,53263
1587,88019
41066,81086
19174,81408
12158,94585
27287,97966
26288,88754
14485,95681
7986,57618
9623,97186
34516,57971
2398,80767
36748,92805
49066,68372
25631,86981
5805,66073
10662,86291
26594,93031
27865,79939
8617,59462
25297,77332
41847,57814
1353,98930
30283,56463
41017,53250
36745,98143
35078,93587
40127,99829
46743,94302
5127,79356
37311,61514
17224,97979
31948,95511
36378,81426
14416,63931
26424,67668
27398,64961
36482,56135
19716,60178
40668,91109
5696,79028
44149,96139
39892,82786
33762,85507
25002,55682
1330,74324
28163,87528
17188,70634
22099,81751
37390,63318
4154,98426
31613,62239
42987,87768
19898,70118
29315,60000
544,68496
29719,76355
17567,83816
21109,88157
3381,55817
26659,79839
28909,97225
20233,50274
17411,70756
39583,63520
26013,94495
39258,69043
20255,51244
19239,63206
18247,67474
27919,95804
23886,62171
44481,81676
15499,59133
34106,97104
11467,79928
47883,63000
129,65195
29701,53861
24244,74727
20336,98199
43247,57006
7718,91941
27362,66532
43978,66045
31891,61782
17706,96734
48940,61964
4250,61754
31181,74736
20636,91616
26087,93631
16703,87040
20034,54754
19147,50412
12946,79379
47316,67751
12148,80905
23742,62101
15812,51716
18312,84586
13103,72339
16608,88838
30612,71056
40480,71950
25435,52531
15300,69170
23481,75164
6530,51849
8370,71090
16290,57141
9524,70617
26923,79057
36083,50066
7875,71743
2480,50569
49409,96037
7132,54212
40814,80583
700,90589
13108,79948
2144,81236
8132,51693
24738,99924
27059,61738
29254,55129
47112,83418
43800,58868
36192,98569
34332,82069
8004,95284
24568,95073
32777,75713
35634,75194
31558,59721
10336,57321
8339,78401
7269,60341
32381,68845
48836,75283
25036,78533
8566,70490
1216,76172
42056,67821
40785,64281
84,65661
2327,83589
10718,53618
8015,72589
27596,53530
11575,58880
29065,56560
46803,97779
49990,77754
27699,80057
29662,80414
39522,69815
10072,65096
37303,65286
43042,63278
27487,53626
35369,97250
36078,96436
33708,52911
14477,82613
24845,96754
13479,78241
26868,61724
45114,60237
22159,97692
1899,82407
12337,72979
29349,94864
22222,67472
29150,84143
2524,68466
46520,67565
27463,67881
4399,59142
2031,57943
1588,56969
43278,76705
6815,76828
26116,98659
36501,70035
22338,68855
25095,84226
17817,92300
44323,74788
28707,55375
9573,98151
5834,58456
5163,55802
13239,89982
26808,50889
43929,87317
49221,59052
8749,63743
34805,65108
37189,90232
8089,67454
22367,88408
34442,73155
33029,72494
11448,86962
46225,80461
14995,89862
2576,71941
30703,93833
11020,96668
1116,54624
3215,91754
19179,74849
24590,69845
3769,55993
7057,86960
40607,92886
24885,73781
34743,72204
39549,75639
33998,76200
13938,87828
18139,87557
40196,73070
6682,71602
17402,75486
43068,50007
39563,56786
14159,89152
32153,61563
9887,79622
39453,59262
3521,56839
38577,51758
10148,71618
30790,76627
20261,63521
45959,68872
38721,60574
28296,93880
6997,86468
28398,70923
2993,61013
39921,61320
13199,78017
34849,76794
23767,97816
9351,58027
6844,63657
28898,94652
27932,52441
9456,85188
22512,68327
22015,69319
37039,53528
37872,94071
8244,70539
20562,97050
304,57905
47489,56271
41084,92191
38410,65556
35904,54690
960,67660
25770,86538
46378,69718
37041,83197
37336,81131
2632,82758
41252,59212
45522,57275
10912,83769
25961,94626
4244,78456
36165,93266
26486,72013
14255,54046
45610,55707
16067,89227
44088,78521
10195,88134
21504,66506
32680,69931
33332,61645
2699,85013
3900,79040
11091,84512
16147,56503
8395,69198
30171,50592
380,93804
4302,78856
12908,64678
19800,73717
17946,88029
10872,66354
20018,94564
5118,90427
25742,96359
46501,59747
8505,64842
34196,89682
17149,81633
39666,99865
29521,51274
22242,69023
10792,96042
25298,61831
35023,72243
44028,75812
21579,98262
49903,90504
10200,68722
27820,91623
30897,90622
21955,87549
32887,97556
14179,68989
31387,61386
6196,96899
10499,74557
30657,67269
18744,79660
25118,87971
48137,76296
14176,94331
35836,71617
41484,91961
47750,58739
6505,69437
40903,54829
12066,78853
49250,92431
37521,88485
43220,51216
16585,84807
7565,95708
4287,65151
14295,93789
37891,74743
17879,94376
18470,75183
12519,84584
11003,69065
45183,65234
49263,69761
32931,70921
13241,69382
2244,80031
24653,64199
31818,82494
40276,92342
32804,84058
30492,61956
26460,98324
25139,69427
8020,76862
21709,97987
48236,51965
41182,51630
37028,84628
40865,79197
49431,76597
25078,58696
49912,61660
9998,83712
32365,65105
26997,95307
27931,77920
42530,94016
39497,82079
2082,65111
33677,98175
41050,84868
14310,87220
17752,50427
48352,65164
12917,95559
11760,79642
13055,51505
8048,87090
20057,56266
41749,71241
25594,51296
49939,69697
14285,73030
17050,98865
34252,87404
25644,94221
31097,87643
34527,68210
42326,82290
28557,89150
6691,50781
26217,93765
29208,99803
15751,85175
33102,68679
6174,82937
1103,73933
34149,59707
30224,54680
13923,75673
41179,91693
9535,76791
43217,71106
18521,50691
3275,54297
15703,56194
4840,62900
14490,65401
10931,51980
22049,84144
49905,89774
14420,65260
49091,74305
22250,99528
31800,65789
18565,77432
33302,90278
12098,74300
32458,59822
37901,70236
15186,78818
28212,68294
43323,74953
39364,80172
43597,76461
25945,73202
27918,58906
26381,97846
26747,72264
23961,59383
21747,58261
18536,77881
44491,64441
32034,58610
31304,98219
41550,96894
48870,76600
17962,53625
3853,68051
30174,99826
44668,91907
14318,74733
3622,50852
6199,99778
45631,51432
37746,91223
41455,61147
35073,89721
39337,70782
44741,84232
21350,67842
16140,63455
37696,56157
5220,92673
37009,65570
7484,86676
17906,90509
25065,89625
100,61235
21159,56196
41610,70325
41612,85298
16394,59559
47217,61012
44451,82818
18090,97537
2704,87214
1701,51222
8702,97697
1244,66919
48590,54977
19659,66513
40159,98746
27889,66773
18271,75990
44026,79193
21528,52303
25070,54477
2630,62845
9420,70143
14078,90468
25666,69626
49385,80590
14273,59157
45897,58821
4533,66463
40381,78330
22051,62106
2444,91033
46603,90781
22269,76620
14713,57443
15018,57939
48584,77345
1171,57086
16749,58102
16098,51594
30151,92972
34090,83969
28615,55318
7218,76263
21269,94166
29678,65280
33004,88261
4626,73179
9349,65197
47247,60198
38314,98558
6138,57502
3411,52424
35303,70606
23646,54975
33654,62590
18947,55355
28169,53594
41792,86398
2883,88622
8580,61975
37671,60137
28664,88460
25516,78165
37352,80919
18562,81553
6026,98251
31637,77408
5211,80199
42012,94207
2768,65449
24674,95958
41765,63037
48696,92126
12499,93139
13149,62557
17324,57803
17308,60571
18396,51325
260,75662
18319,78278
30700,98965
8113,98890
28025,97441
31447,81930
21971,84800
42172,85333
41204,84991
37423,50286
8108,60611
45490,56989
17359,83344
16699,94180
1128,83810
3117,62220
32492,98750
991,95276
44380,90555
32267,86665
24272,60135
15164,94683
12698,83402
11325,78090
26243,64928
25610,63377
17497,93798
43672,85277
24027,60813
22074,85125
18348,94688
38353,64924
41962,97458
13642,75519
3,83677
44519,77233
8103,54368
18359,51918
30859,86479
20487,93536
13934,57735
46423,79441
21251,86061
3569,98459
27513,51891
28525,82787
30458,81651
24816,79521
31918,90679
29317,62076
27979,50544
41228,50335
5325,62130
38499,78808
48737,86309
9699,68420
6889,76149
20531,73996
4370,65045
37231,77731
15407,61226
21155,56962
27996,68395
23753,54267
3489,85380
5545,69081
27520,58021
19541,95003
20238,68593
5367,73666
28986,91253
21079,74604
41940,75386
24510,52872
11469,76518
21036,68653
35533,61091
27606,53792
16129,51922
40592,79340
4060,54819
25282,51793
27307,53666
24558,87025
20300,51035
38260,85763
28068,69235
47202,65100
44931,57821
33777,73670
35486,97234
38284,89836
5812,79164
36392,88346
27153,67520
2521,55749
35094,70679
21143,65999
3559,99943
20302,54416
47465,77016
42849,92977
45249,65695
25015,57655
17334,77851
22081,62086
13874,91993
4155,99673
32268,62710
16782,99525
21130,60084
726,89783
37228,74309
37789,91162
49127,53601
9063,82190
47789,93154
46134,50201
27186,94342
48906,64587
601,67496
30747,76102
24536,65150
47500,99835
38990,61655
18774,92148
19045,99799
3719,89784
26318,93238
36252,60852
26601,84012
8726,66678
10154,87976
46155,95932
20807,58375
17259,53404
26941,77795
7936,50131
15783,75024
41496,93902
21716,53942
38128,54289
48462,68058
34436,72495
38651,91596
24844,68264
5890,79668
22000,80603
21731,88532
24975,91568
4030,70942
8141,76978
47695,76747
14858,85593
41668,77139
25601,98296
31229,66470
6132,72466
22291,89196
31574,73445
7559,77702
22905,68221
46997,58546
28235,88703
42400,88417
35719,72897
49469,98582
29957,94440
42142,67562
977,90602
17006,85354
21200,78857
28165,53287
14413,96748
35250,67213
49180,81899
20310,67180
48114,58329
42253,93779
32435,81840
42188,88906
9399,78798
5960,62000
3995,93464
1090,57393
41058,71514
29906,84188
23246,79058
37543,57101
40477,51562
26134,83065
40304,64745
29808,93297
21033,92246
40954,88392
31279,93818
7828,79430
14380,94733
8047,83773
13107,91139
1240,80135
5227,57888
34115,96630
10538,76472
38041,94903
13068,89108
38713,50568
27105,91935
36256,58894
3331,71614
44512,66047
41195,64758
10454,77626
34246,94937
21699,81302
29491,81674
25873,98047
27102,95634
4118,91891
15439,92750
7976,92330
6377,89056
33733,64368
20705,64324
31313,60025
11430,99113
12733,82224
5592,67236
11166,69745
896,61982
27722,80494
1412,67480
20007,52226
35488,58754
49289,94724
35084,74045
22274,71579
23710,51887
40364,98023
3801,71108
28771,60051
4114,95031
30892,60308
17993,98851
27468,81385
10532,88761
13136,86958
46118,82348
11131,86670
29961,78441
15895,64394
29558,63279
29923,85046
27941,86838
8169,72192
23439,57041
26278,99860
48704,65637
12090,83250
33889,58974
48924,99535
34947,96387
35436,55547
34781,68728
44674,70984
28953,97053
44806,51255
45525,99696
7430,67913
6368,98641
26748,97726
43012,78986
18303,84444
12648,59927
15998,88834
4605,65467
16052,62832
34211,61527
46026,87666
32281,51399
28594,50637
4104,92194
49365,80657
18115,84741
26008,52237
37078,99856
44568,51308
35337,88911
24797,82097
20284,94643
45161,55918
4818,95448
32895,61524
5731,70707
20473,59099
10004,76956
10046,73573
3824,53029
11109,53041
27683,89134
41359,69616
39640,76284
22007,84648
45220,98060
20866,75903
18887,59906
27811,53877
38252,72079
7846,55793
20035,88698
17456,64373
23284,73357
3153,74983
11341,62570
4019,81532
24819,69596
11330,90764
4071,82599
7417,74690
33282,59985
35855,78060
4290,78233
22860,59485
35540,66662
12264,68564
14777,65527
38697,62716
49566,70163
18670,70192
45300,87598
39922,50679
4415,76955
12167,67438
44237,85944
31112,75131
44444,87492
17026,62388
20052,58948
1333,97651
10765,71136
25224,89897
21,83026
46801,50789
30039,92953
30785,78366
35600,94173
33048,67347
15864,89734
9295,65567
21911,83776
15845,84146
6160,70137
19339,71138
3074,58766
31464,56674
20213,50370
34956,70015
36800,83225
29219,78376
13878,98522
42831,52001
1209,62414
13891,53978
3546,76044
35418,54205
10507,91925
5464,56280
46565,74175
17063,74069
36321,63143
35196,83315
24488,55518
37534,88339
9436,80712
6149,51578
30930,58725
47525,83687
11978,91282
49723,66078
39889,86011
22642,63710
33251,61781
25403,71606
5440,75435
31469,97290
42080,97251
24406,65749
10626,93130
12436,81294
2272,81465
5126,73347
11499,72648
30004,92213
40443,75620
45617,63069
42496,95989
7509,89564
39291,53396
36902,79741
48192,98329
10683,65510
25596,54620
41110,99355
30145,76183
42049,76242
42063,92981
10271,74059
30051,92982
10459,54631
33017,56849
3387,79419
33841,93600
27233,98303
36783,77137
18829,70153
26345,90296
8383,54125
44440,70178
39994,55858
36960,52349
24293,84367
24421,57021
40117,78259
13710,55992
7432,82173
16807,63953
38669,64050
36200,82980
46811,70034
49817,69827
1179,81838
5489,50968
44686,57010
24013,96271
15844,77969
9273,89067
14909,97661
15557,71648
24138,89473
17484,57771
46237,98998
42129,55847
1031,68080
6012,61856
12570,89908
19319,67756
4910,71701
6538,67686
13085,73253
22704,55338
5148,89895
2185,74213
18162,70041
20793,73516
24994,65047
20959,51331
27141,53290
2161,88571
43173,92602
38652,77144
22106,88312
21161,50696
36723,71216
26093,72956
3445,88249
27049,90930
45723,87250
37173,94595
39422,97398
8985,58942
11286,82556
8481,54009
20204,62077
31959,76943
25083,56634
14453,93634
7318,57510
18071,84812
14739,99005
11475,94765
25314,72355
17401,85545
19639,73917
22503,83520
39178,87981
30882,63686
13347,56798
33085,90759
30562,69078
10682,78970
45179,92603
22875,83533
49384,58401
3181,75414
27379,99872
9675,63490
30505,71894
48967,64843
42317,95311
26749,69860
25779,81729
20096,63148
10749,92834
38485,84409
47312,91274
24632,76798
9083,62489
25804,76723
46123,71942
23840,76447
36432,90995
3232,78637
43584,66863
30803,89927
47962,80221
14845,83013
40340,70097
13473,93888
26132,79978
28159,69995
21391,92714
1300,76199
24278,78749
20779,85203
44857,85737
40258,70871
26995,53560
12189,99246
29381,78030
27759,97634
41819,79827
15127,66787
43968,57826
34142,81850
49305,73322
31174,54190
28267,63343
14047,55076
45140,92477
3947,51830
16205,75828
46887,86049
14501,62267
37072,60577
14409,87282
44593,93313
27242,65818
4384,71115
42478,76984
16011,64192
10458,87863
32232,70343
46068,59149
5854,93883
19068,95198
46218,70010
8928,94437
32739,78592
49073,73827
44152,56730
8672,87242
43438,58090
22847,85760
2312,55464
33872,70227
11565,51467
36023,57463
25922,67543
13854,72452
19119,60804
46872,65687
16231,50732
4964,72782
21388,72067
18010,82217
43882,67555
9718,66817
33915,99366
95,91375
25239,76605
22527,91167
6623,95853
38909,58434
44123,53750
33484,84588
41855,87740
47638,67631
32508,61962
22227,56279
19242,71029
22668,85538
3178,88437
41953,75904
2436,87191
12849,51376
21764,66254
6853,79840
2466,87477
10125,54314
5444,72445
37685,50310
40676,80275
38915,62795
37824,70768
47114,57730
28710,92895
6841,95028
49599,58523
44583,80503
13679,60006
32367,87360
21402,79694
36561,76565
9023,98362
37603,75043
23504,76028
45566,81446
5548,78208
40764,57881
46532,67785
13847,96724
13379,51992
21362,88844
32852,86042
38686,91374
28463,56284
14471,50947
32189,93224
24497,89045
43944,92676
20674,71268
24176,69614
45067,62582
14267,56580
48718,95867
42184,85838
8554,55452
32277,62589
18469,77612
46216,69497
47349,66750
45893,97141
18872,59043
1547,68752
241,78335
33336,91717
27382,84003
23023,87029
1106,86535
30288,67162
5683,61405
27917,87611
31237,95535
45107,50957
8078,82445
7793,75526
10594,56650
26011,58221
13309,95172
30272,53788
4119,53628
11679,74234
13296,78171
43400,73707
36862,71728
2631,56804
9877,86973
43551,96784
15764,68696
38905,73423
23641,59162
37377,56285
36128,65516
38125,98898
29664,51784
19746,65953
45194,95471
19354,64946
49110,74694
5624,64535
2058,51104
28446,56267
38705,67485
25303,93747
6120,87168
26779,96187
39315,64360
49882,69973
4327,69404
15520,91051
2336,59546
48717,65771
27369,72958
26606,74661
43199,62372
31664,84984
27134,53083
5454,74466
43748,51770
30653,70951
37575,80960
576,75064
49238,55614
42421,87423
31178,76570
5922,82325
16842,54281
15170,62326
23787,77469
20243,99700
5004,88394
33323,99352
7696,76265
2666,84848
28145,71966
46280,78036
2391,77200
3047,66414
16250,64626
40613,83455
6975,86201
2828,82446
19196,95361
41196,68623
17666,82585
9560,58650
26953,88442
9698,56858
9683,58827
25158,99440
38613,87835
34329,68069
27177,53127
16264,63997
440,79281
5555,52219
45669,93295
18302,96978
46296,67165
17382,53539
19717,64116
37297,74419
7257,65727
41861,56159
10615,77424
42010,76784
33639,71710
47010,50282
8645,62071
40100,70714
31905,94609
40968,76295
4560,89616
24719,64300
11155,94951
14101,82592
44419,59688
17243,77169
6215,91034
37508,71181
44893,50008
45150,65329
8979,90125
33267,89343
38970,77704
4371,75732
25701,65837
11143,50686
48802,77486
7589,98214
47293,80100
36076,74502
18212,87416
31914,97540
2791,96348
42697,71886
29327,82967
47055,54640
2618,91197
28243,75033
45062,69909
29924,99461
9110,50932
5648,63713
31902,86998
11754,88951
23218,98786
9973,51958
21156,56724
19712,92063
39254,73750
36153,77814
8622,82030
33329,81415
30349,71986
9868,92315
25365,81351
11677,82854
40878,77162
31480,72490
31122,66076
27368,83178
4056,50085
17514,53100
33276,54399
17182,88488
24853,94749
14913,73323
40067,51320
16527,54403
39757,58678
18814,70060
28022,73437
43193,77799
27383,77308
34776,64033
14055,72626
37672,56846
10037,68688
43602,89117
706,71693
27098,82440
44532,82118
25375,83871
26073,62836
40217,63548
23172,92809
45290,75266
33760,69769
2599,98725
36099,51638
2319,77322
43016,65443
39919,99678
21305,52968
19831,92936
7630,55977
4202,63084
4256,60711
22979,52474
511,90204
267,99393
16662,70569
22849,66044
40645,66094
10000,83818
41213,66533
23838,50030
36778,80878
14514,60592
8139,66827
23860,99476
34862,63732
39660,53048
33753,98929
31593,85158
17100,82817
14561,91771
49715,86371
31894,87226
27735,70864
5144,77277
6180,82994
44450,53494
5193,66178
35417,94235
31438,54381
29039,62377
41804,72149
13087,53834
19787,79783
19940,50195
36858,66587
21898,69699
24644,89362
48526,95554
12198,66585
2906,89414
47011,94897
32342,98210
19146,77126
29127,61023
13391,58362
5871,74928
24281,63478
42027,99119
36029,51179
8912,94896
9246,51413
18450,80232
29469,77505
40408,73051
10978,78468
25996,56314
49169,63601
22773,63864
47285,94055
22632,98249
31010,57143
31493,92731
2012,59127
10247,64168
20921,99663
10878,71554
32640,75136
29768,61834
29242,55230
26196,98198
14667,79936
48795,92127
12810,89655
9231,62279
49105,67719
49980,96461
48534,69402
33920,94529
28686,67958
1494,61534
42411,83231
29108,60708
33539,63464
22387,67484
39452,92686
31717,61166
12898,62010
9825,84821
12197,85533
1596,52249
42810,55085
27491,93731
43279,60345
46904,63221
47642,79923
8162,61892
37528,67021
48630,86701
47019,94972
23900,87945
27766,93027
32753,80277
31707,82254
22042,70416
27695,80853
4905,51703
22740,80786
20772,56831
20757,85062
7864,53180
36480,79155
37972,75710
28460,56780
12206,52337
25777,50243
35000,72054
8157,77276
27798,78196
98,98506
39073,54892
36208,82174
192,69594
47570,52803
26175,75559
21744,52642
33098,97703
21737,99138
28395,91824
15334,56167
44795,72903
38653,78004
1276,65420
5898,94012
38051,89769
29003,78763
31429,56910
40044,59790
46527,60246
27296,70625
48396,57244
11292,50148
43334,57613
23316,73121
48731,59375
16005,95896
18211,70286
35955,80929
47177,64703
48348,91957
42505,62686
43545,87475
42099,80509
16297,66932
45957,81702
33629,81511
49803,73279
32321,92619
3240,60380
10387,61052
43454,81655
33045,53075
46031,67433
791,81947
39001,92572
47890,95771
40342,55627
23212,69511
20137,59202
49113,60220
40791,99925
32375,51680
36201,50680
23871,74613
3493,67948
6951,92356
28775,97147
26250,82784
13834,73124
44551,61622
46718,74879
16793,52028
18886,51694
48499,52242
7573,64123
15893,94309
13210,90347
38431,82422
5633,74479
49629,99763
33125,83928
17154,84140
39105,86775
35885,83052
30643,50669
36547,80838
5921,56555
30585,67899
45466,82771
49051,77030
28630,71033
6946,67368
17330,81076
39571,82919
394,75850
35130,85927
32938,56359
41588,58614
9853,59096
24533,77281
32286,75609
49543,57149
12080,90034
27047,69872
44833,57703
10156,57689
39722,97041
939,97286
4921,81945
9622,74339
48527,80820
45645,54316
22088,52519
8610,76739
41917,54651
11017,84580
4061,86397
22198,85714
49184,99559
3757,61094
25705,55712
6562,96806
33031,79209
8306,99828
9541,90938
43171,95335
12285,99209
15289,94373
41895,86162
30246,94423
40336,89409
9741,78494
19173,50788
6336,95465
4187,71187
33408,83962
21746,83160
7342,59448
7596,79705
32003,72152
23450,95204
2752,98976
40399,99850
44719,91108
36544,68631
12460,69314
9151,77971
3057,82789
26737,84636
32556,60194
49043,53276
7075,79706
9373,77407
7358,55754
1719,53344
49251,73908
36046,77937
29119,69399
27674,90626
26498,97531
35566,50344
10410,94519
37992,63468
43206,60727
41099,54722
25426,83296
25333,78670
22105,94750
43064,53040
46924,98352
12555,57442
42500,80410
3313,68107
7163,65693
41870,60057
28558,90994
47366,88085
48397,87812
16675,95685
10143,98842
40382,97776
49740,88969
49056,79153
34746,74355
7412,60755
7076,94648
46079,74892
41630,67421
4419,72051
31820,68963
30005,86830
19006,74484
18862,98440
12870,58322
19675,68139
29666,93466
22575,88790
26195,82901
46182,76086
20873,97744
10639,96071
42109,75501
25434,71658
1842,99858
45343,61043
43910,95317
2448,99929
37568,56932
7386,58622
40138,60362
41487,95524
49117,97307
30775,51507
32183,54838
38676,54273
23894,97082
34,98410
14915,88326
11856,55247
45147,84155
41696,58153
26074,92954
541,57610
34285,63960
33511,70016
40227,91232
39661,74433
12542,85676
24694,80483
14668,88954
20628,65520
46632,71975
38176,98462
29837,62761
26577,82282
48520,76532
27547,67149
2854,97983
17011,93771
33925,57797
6119,51400
26650,56889
26833,62695
7902,60620
3247,93896
837,61436
15312,82134
43066,68940
44464,84882
7330,75524
38336,94620
6750,60664
3119,68453
3704,67475
30945,99158
22465,97002
47989,76687
12376,97158
18084,84298
46999,87572
22954,93705
41718,80670
7399,67628
17863,92159
25768,76151
17854,73068
33611,71073
13494,92236
18916,55083
38116,55602
24495,90211
23073,58867
22681,88069
42716,51261
10177,59428
29577,96360
16143,96295
6812,92490
39468,63813
39712,85341
17510,63769
15449,83668
28737,76348
1789,95272
24524,81051
28583,83300
33941,87167
3642,86261
13300,85842
20472,67151
5438,80285
29578,71806
30872,62261
22113,64160
39015,50331
37934,95267
30953,82796
11910,66832
1633,92375
31994,74390
47881,79979
18011,86514
6727,91541
24813,85042
34581,87136
26023,68020
2551,85478
36085,50477
16425,53000
11454,52889
18155,61973
4684,84265
2980,57155
45503,94219
11370,92442
41151,99201
40938,99222
9644,60704
12820,76587
35410,53542
31981,92729
37271,61610
39177,54307
40233,61078
46727,66347
8487,50978
43804,89143
21794,95027
37709,91777
33504,66664
15463,97474
9708,77532
27696,78811
27899,55812
23317,84067
15793,96088
19993,68427
45321,85276
3286,76663
1521,66982
13139,63744
36388,51616
31836,86935
17337,90132
14956,59017
42081,57670
27052,52776
10843,95421
925,80706
4621,95926
1964,93137
12637,98887
24807,96079
27115,97646
45740,70962
28101,68386
22158,64674
25906,86737
40129,67373
13512,71595
39288,96744
1032,50979
9735,63567
2724,89732
1211,99546
6955,98166
47506,98248
49361,90238
1637,72291
41747,80273
16419,85730
13029,85660
37604,72784
31344,79749
27048,86205
39688,92007
47735,65155
8570,66496
26535,77148
29184,83404
14419,54121
37669,52168
28970,66200
46108,81564
